300	8520.35	0.00333333
301	8697.58	0.00332226
302	8363.5	0.00331126
303	8696.41	0.00330033
304	8451.28	0.00328947
305	8466.78	0.00327869
306	8601.76	0.00326797
307	8513.42	0.00325733
308	8687.64	0.00324675
309	8419.42	0.00323625
310	8563.21	0.00322581
311	8405.82	0.00321543
312	8639.32	0.00320513
313	8330.62	0.00319489
314	8529.84	0.00318471
315	8700.81	0.0031746
316	8350.61	0.00316456
317	8564.55	0.00315457
318	8512.93	0.00314465
319	8527.58	0.0031348
320	8496.76	0.003125
321	8663.99	0.00311526
322	8454.86	0.00310559
323	8702.29	0.00309598
324	8451.61	0.00308642
325	8467.2	0.00307692
326	8560.06	0.00306748
327	8510.29	0.0030581
328	8383.78	0.00304878
329	8556.32	0.00303951
330	8494.94	0.0030303
331	8653.5	0.00302115
332	8333.7	0.00301205
333	8763.55	0.003003
334	8366.95	0.00299401
335	8687.16	0.00298507
336	8506.86	0.00297619
337	8565.94	0.00296736
338	8365.53	0.00295858
339	8466.06	0.00294985
340	8353.51	0.00294118
341	8618.92	0.00293255
342	8517.03	0.00292398
343	8514	0.00291545
344	8789.42	0.00290698
345	8456.95	0.00289855
346	8737.03	0.00289017
347	8512.24	0.00288184
348	8668.65	0.00287356
349	8415.4	0.00286533
350	8708.17	0.00285714
351	8356.48	0.002849
352	8785.06	0.00284091
353	8283.85	0.00283286
354	8629.71	0.00282486
355	8478.45	0.0028169
356	8597.25	0.00280899
357	8408.42	0.00280112
358	8734.32	0.0027933
359	8448.27	0.00278552
360	8651.51	0.00277778
361	8487.45	0.00277008
362	8793.55	0.00276243
363	8505.53	0.00275482
364	8726.65	0.00274725
365	8604.59	0.00273973
366	8556.86	0.00273224
367	8384.22	0.0027248
368	8672.12	0.00271739
369	8470.51	0.00271003
370	8613.91	0.0027027
371	8556.7	0.00269542
372	8658.64	0.00268817
373	8463.4	0.00268097
374	8672.53	0.0026738
375	8445.96	0.00266667
376	8610.44	0.00265957
377	8427.36	0.00265252
378	8661.92	0.0026455
379	8633.54	0.00263852
380	8617.46	0.00263158
381	8530.68	0.00262467
382	8618.46	0.0026178
383	8488.55	0.00261097
384	8591.44	0.00260417
385	8485.22	0.0025974
386	8694.31	0.00259067
387	8440.81	0.00258398
388	8726.82	0.00257732
389	8477.83	0.00257069
390	8636.75	0.0025641
391	8478.79	0.00255754
392	8600.72	0.00255102
393	8490.57	0.00254453
394	8581.39	0.00253807
395	8691.38	0.00253165
396	8435.34	0.00252525
397	8653.89	0.00251889
398	8565.15	0.00251256
399	8549.23	0.00250627
400	8695.81	0.0025
399	8497.11	0.00250627
398	8600.51	0.00251256
397	8485.64	0.00251889
396	8613.22	0.00252525
395	8397.39	0.00253165
394	8695.74	0.00253807
393	8397.13	0.00254453
392	8759.88	0.00255102
391	8259.14	0.00255754
390	8688.4	0.0025641
389	8238.74	0.00257069
388	8825.33	0.00257732
387	8141.16	0.00258398
386	8747.75	0.00259067
385	8454.59	0.0025974
384	8896.08	0.00260417
383	8492.64	0.00261097
382	8972.66	0.0026178
381	8514.42	0.00262467
380	9006.57	0.00263158
379	8770.74	0.00263852
378	8844.54	0.0026455
377	8827.13	0.00265252
376	9333.36	0.00265957
375	9066.54	0.00266667
374	9298.12	0.0026738
373	9082.5	0.00268097
372	9408.76	0.00268817
371	9595.41	0.00269542
370	9978.12	0.0027027
369	9923.91	0.00271003
368	9931.42	0.00271739
367	10162	0.0027248
366	9900.95	0.00273224
365	10210.2	0.00273973
364	10126.4	0.00274725
363	10585.5	0.00275482
362	10532.4	0.00276243
361	10855.4	0.00277008
360	10581.2	0.00277778
359	11100.8	0.00278552
358	10717.4	0.0027933
357	11151.3	0.00280112
356	11317.6	0.00280899
355	11543.3	0.0028169
354	11668.8	0.00282486
353	11948.3	0.00283286
352	12238.4	0.00284091
351	12115.5	0.002849
350	12547.7	0.00285714
349	12530.3	0.00286533
348	12791	0.00287356
347	12795.2	0.00288184
346	13209.8	0.00289017
345	12795	0.00289855
344	13272.1	0.00290698
343	13858.1	0.00291545
342	13353.7	0.00292398
341	13819.8	0.00293255
340	13969.2	0.00294118
339	14536.8	0.00294985
338	14729.7	0.00295858
337	15332.2	0.00296736
336	15113.5	0.00297619
335	14626	0.00298507
334	15190.6	0.00299401
333	14729	0.003003
332	15535.3	0.00301205
331	14169	0.00302115
330	15682	0.0030303
329	15885.8	0.00303951
328	16621	0.00304878
327	16123.5	0.0030581
326	16573.3	0.00306748
325	15721.7	0.00307692
324	16892.9	0.00308642
323	16089.2	0.00309598
322	17160.6	0.00310559
321	16822.2	0.00311526
320	18211.3	0.003125
319	17067	0.0031348
318	18569.1	0.00314465
317	17449	0.00315457
316	18270.1	0.00316456
315	17191.5	0.0031746
314	18709.6	0.00318471
313	18092.5	0.00319489
312	18676.8	0.00320513
311	18212.4	0.00321543
310	18681.5	0.00322581
309	18676.9	0.00323625
308	18846.8	0.00324675
307	19265.9	0.00325733
306	19866.7	0.00326797
305	18979.7	0.00327869
304	18974.8	0.00328947
303	19870	0.00330033
302	19974.7	0.00331126
301	20315.5	0.00332226
300	20123.7	0.00333333
299	21152.3	0.00334448
298	20592.6	0.0033557
297	20531.3	0.003367
296	21502.4	0.00337838
295	21895.5	0.00338983
294	21884.8	0.00340136
293	23203.1	0.00341297
292	22857.3	0.00342466
291	23915.8	0.00343643
290	22392.7	0.00344828
289	23574.2	0.00346021
288	23104.5	0.00347222
287	24193.5	0.00348432
286	24483.4	0.0034965
285	24348.8	0.00350877
284	25733.3	0.00352113
283	25218	0.00353357
282	25083.4	0.0035461
281	24875.1	0.00355872
280	26010.8	0.00357143
279	25462.9	0.00358423
278	26157.8	0.00359712
277	26511.3	0.00361011
276	27429.4	0.00362319
275	26091.7	0.00363636
274	27727.4	0.00364964
273	27094.8	0.003663
272	26571.6	0.00367647
271	27221.8	0.00369004
270	28424.9	0.0037037
269	28229.5	0.00371747
268	26555.9	0.00373134
267	30415.8	0.00374532
266	28066.5	0.0037594
265	30906	0.00377358
264	29261.2	0.00378788
263	30029.2	0.00380228
262	28677.4	0.00381679
261	31707.5	0.00383142
260	29927.7	0.00384615
259	30814.3	0.003861
258	31190.7	0.00387597
257	30865.1	0.00389105
256	32626.1	0.00390625
255	31622.1	0.00392157
254	32319.9	0.00393701
253	31625.2	0.00395257
252	33066.6	0.00396825
251	31769.8	0.00398406
250	34594	0.004
249	32146	0.00401606
248	34199.3	0.00403226
247	32912.2	0.00404858
246	34274.4	0.00406504
245	34390.6	0.00408163
244	33861.4	0.00409836
243	34147.8	0.00411523
242	34947	0.00413223
241	34565.3	0.00414938
240	35084	0.00416667
239	36662.5	0.0041841
238	35408.6	0.00420168
237	36787.7	0.00421941
236	35909.9	0.00423729
235	36651.5	0.00425532
234	35524.2	0.0042735
233	37967.1	0.00429185
232	36334.4	0.00431034
231	37540.2	0.004329
230	36947.5	0.00434783
229	38550.1	0.00436681
228	38081.7	0.00438596
227	37648.3	0.00440529
226	38028.1	0.00442478
225	38447.1	0.00444444
224	38245.4	0.00446429
223	37945.9	0.0044843
222	39549.3	0.0045045
221	38139.1	0.00452489
220	37564	0.00454545
219	39989.2	0.00456621
218	39765.7	0.00458716
217	38885.5	0.00460829
216	41063.5	0.00462963
215	39329.8	0.00465116
214	40241.1	0.0046729
213	41419	0.00469484
212	42786.4	0.00471698
211	42337.6	0.00473934
210	41296.1	0.0047619
209	39809.9	0.00478469
208	42707.6	0.00480769
207	41393.7	0.00483092
206	41390.5	0.00485437
205	41471.9	0.00487805
204	41727.8	0.00490196
203	42477.2	0.00492611
202	43690.7	0.0049505
201	43671.4	0.00497512
200	43580.8	0.005
199	43818.8	0.00502513
198	43899.5	0.00505051
197	42714.4	0.00507614
196	43740.6	0.00510204
195	45006.2	0.00512821
194	43929.8	0.00515464
193	45105.7	0.00518135
192	47454.3	0.00520833
191	45461.8	0.0052356
190	47744.7	0.00526316
189	48636.8	0.00529101
188	46062.5	0.00531915
187	48012.7	0.00534759
186	47934.5	0.00537634
185	47982.5	0.00540541
184	50016	0.00543478
183	49251.9	0.00546448
182	51401.8	0.00549451
181	49360.5	0.00552486
180	51617.7	0.00555556
179	50913.2	0.00558659
178	51456.4	0.00561798
177	55029.1	0.00564972
176	52322.5	0.00568182
175	53913.6	0.00571429
174	53825.8	0.00574713
173	56810.4	0.00578035
172	54857.6	0.00581395
171	59002.9	0.00584795
170	55403.5	0.00588235
169	57878.2	0.00591716
168	58844.6	0.00595238
167	59392.6	0.00598802
166	58930.8	0.0060241
165	57819.9	0.00606061
164	61610.1	0.00609756
163	63778.3	0.00613497
162	59933.7	0.00617284
161	62673.7	0.00621118
160	61779.9	0.00625
159	66600.5	0.00628931
158	63290.3	0.00632911
157	66403.6	0.00636943
156	67242.3	0.00641026
155	66850.8	0.00645161
154	70736.6	0.00649351
153	71236.7	0.00653595
152	69590.3	0.00657895
151	70337.4	0.00662252
150	79433.2	0.00666667
149	67588.5	0.00671141
148	75553	0.00675676
147	77836.8	0.00680272
146	74011.3	0.00684932
145	79463.5	0.00689655
144	75943.4	0.00694444
143	75917.5	0.00699301
142	82547.6	0.00704225
141	77682.3	0.0070922
140	80148	0.00714286
139	75997.9	0.00719424
138	84850.7	0.00724638
137	82870.2	0.00729927
136	87059.1	0.00735294
135	87843.5	0.00740741
134	83951.9	0.00746269
133	89895.7	0.0075188
132	83764.6	0.00757576
131	90916.6	0.00763359
130	92319.3	0.00769231
129	89880.4	0.00775194
128	94163.1	0.0078125
127	93670.6	0.00787402
126	101379	0.00793651
125	101404	0.008
124	100149	0.00806452
123	112696	0.00813008
122	105649	0.00819672
121	101357	0.00826446
120	110271	0.00833333
119	110657	0.00840336
118	110503	0.00847458
117	115461	0.00854701
116	112179	0.00862069
115	123865	0.00869565
114	119997	0.00877193
113	123819	0.00884956
112	123837	0.00892857
111	117545	0.00900901
110	127312	0.00909091
109	136145	0.00917431
108	133191	0.00925926
107	139557	0.00934579
106	143506	0.00943396
105	138347	0.00952381
104	133770	0.00961538
103	132801	0.00970874
102	149188	0.00980392
101	154021	0.00990099
100	148528	0.01
99	156921	0.010101
100	163172	0.01
101	156138	0.00990099
102	152372	0.00980392
103	154403	0.00970874
104	146177	0.00961538
105	154116	0.00952381
106	143278	0.00943396
107	147295	0.00934579
108	150174	0.00925926
109	135928	0.00917431
110	154265	0.00909091
111	133065	0.00900901
112	143020	0.00892857
113	141982	0.00884956
114	137958	0.00877193
115	129140	0.00869565
116	130343	0.00862069
117	136347	0.00854701
118	128605	0.00847458
119	131702	0.00840336
120	131906	0.00833333
121	118954	0.00826446
122	123650	0.00819672
123	128095	0.00813008
124	121311	0.00806452
125	127119	0.008
126	114655	0.00793651
127	109894	0.00787402
128	114812	0.0078125
129	107387	0.00775194
130	104651	0.00769231
131	103334	0.00763359
132	100672	0.00757576
133	99385.5	0.0075188
134	96097.4	0.00746269
135	97755	0.00740741
136	91104.4	0.00735294
137	92974.9	0.00729927
138	94792.6	0.00724638
139	88502.9	0.00719424
140	90582.2	0.00714286
141	86521.1	0.0070922
142	85432.2	0.00704225
143	87011.7	0.00699301
144	86363.5	0.00694444
145	80750.3	0.00689655
146	84169.6	0.00684932
147	83339.7	0.00680272
148	81713	0.00675676
149	76471.2	0.00671141
150	84357.3	0.00666667
151	79550.9	0.00662252
152	80208.3	0.00657895
153	73183.7	0.00653595
154	74850.8	0.00649351
155	75569.9	0.00645161
156	74793.1	0.00641026
157	72208.2	0.00636943
158	70558.1	0.00632911
159	69803.1	0.00628931
160	72822.6	0.00625
161	69345.4	0.00621118
162	74801.2	0.00617284
163	65928.5	0.00613497
164	69666.5	0.00609756
165	69961.9	0.00606061
166	69549.9	0.0060241
167	69960.9	0.00598802
168	69206.3	0.00595238
169	65062.3	0.00591716
170	70559.4	0.00588235
171	64794.3	0.00584795
172	67351.7	0.00581395
173	67248.9	0.00578035
174	64499.2	0.00574713
175	62947.2	0.00571429
176	62936.8	0.00568182
177	62335.3	0.00564972
178	68231.3	0.00561798
179	62898.1	0.00558659
180	60894.2	0.00555556
181	62621.3	0.00552486
182	61114.3	0.00549451
183	61078	0.00546448
184	56504.9	0.00543478
185	59607.5	0.00540541
186	61811.4	0.00537634
187	59078.1	0.00534759
188	57654.3	0.00531915
189	58993.2	0.00529101
190	52929.8	0.00526316
191	56953.4	0.0052356
192	55427.2	0.00520833
193	59392.5	0.00518135
194	54478.4	0.00515464
195	54608.1	0.00512821
196	50340.9	0.00510204
197	53618.5	0.00507614
198	49494.7	0.00505051
199	54440.2	0.00502513
200	49674.1	0.005
201	51790.6	0.00497512
202	45901.4	0.0049505
203	50815.9	0.00492611
204	45144.5	0.00490196
205	48066.5	0.00487805
206	45550.2	0.00485437
207	46787.1	0.00483092
208	46937.7	0.00480769
209	46322.7	0.00478469
210	46280.5	0.0047619
211	45346.6	0.00473934
212	43046.3	0.00471698
213	44825	0.00469484
214	43613.3	0.0046729
215	43392	0.00465116
216	43904.7	0.00462963
217	42963.2	0.00460829
218	42762.8	0.00458716
219	40779.1	0.00456621
220	41362.5	0.00454545
221	42768.6	0.00452489
222	41293.9	0.0045045
223	40753.4	0.0044843
224	40616.7	0.00446429
225	39954.6	0.00444444
226	40042.9	0.00442478
227	39324	0.00440529
228	41647.1	0.00438596
229	39670.2	0.00436681
230	40175.4	0.00434783
231	40506.1	0.004329
232	39065.2	0.00431034
233	39312.8	0.00429185
234	39488.9	0.0042735
235	38633.7	0.00425532
236	39138.6	0.00423729
237	38459.6	0.00421941
238	37736.8	0.00420168
239	38445.4	0.0041841
240	36216.6	0.00416667
241	37066.1	0.00414938
242	38389.6	0.00413223
243	37449.6	0.00411523
244	35396	0.00409836
245	36445.7	0.00408163
246	35350.4	0.00406504
247	37376.8	0.00404858
248	35271	0.00403226
249	36401.8	0.00401606
250	35878.5	0.004
251	34418.2	0.00398406
252	36757.2	0.00396825
253	33488.6	0.00395257
254	34421.7	0.00393701
255	34051.1	0.00392157
256	35810.9	0.00390625
257	34325.7	0.00389105
258	34468.1	0.00387597
259	34219.4	0.003861
260	33862.7	0.00384615
261	31895.4	0.00383142
262	32963.8	0.00381679
263	33057.9	0.00380228
264	31871.3	0.00378788
265	31932	0.00377358
266	33422.6	0.0037594
267	31453.4	0.00374532
268	32553.8	0.00373134
269	31935.5	0.00371747
270	32566.5	0.0037037
271	29611.5	0.00369004
272	32233.3	0.00367647
273	30272.9	0.003663
274	32160.3	0.00364964
275	30703.2	0.00363636
276	31309.9	0.00362319
277	30459.8	0.00361011
278	31756.1	0.00359712
279	30759.2	0.00358423
280	31042.8	0.00357143
281	30286.2	0.00355872
282	30090.1	0.0035461
283	30976.2	0.00353357
284	30310.3	0.00352113
285	29640.7	0.00350877
286	31341.7	0.0034965
287	30272.1	0.00348432
288	29599.3	0.00347222
289	29787	0.00346021
290	31476.1	0.00344828
291	26953.7	0.00343643
292	29286.9	0.00342466
293	27278.4	0.00341297
294	28019.1	0.00340136
295	26850.2	0.00338983
296	28225.3	0.00337838
297	26888.8	0.003367
298	28326	0.0033557
299	25617.1	0.00334448
300	27564.4	0.00333333
301	26783.8	0.00332226
302	26697.4	0.00331126
303	26576.4	0.00330033
304	26309.9	0.00328947
305	25288.8	0.00327869
306	26244.7	0.00326797
307	27464.8	0.00325733
308	24907.3	0.00324675
309	24685.4	0.00323625
310	25085.2	0.00322581
311	25704	0.00321543
312	23915.3	0.00320513
313	26042.5	0.00319489
314	24055.2	0.00318471
315	25867.2	0.0031746
316	24178.5	0.00316456
317	25643	0.00315457
318	23988.6	0.00314465
319	26155.2	0.0031348
320	23238.3	0.003125
321	24721.9	0.00311526
322	24711.3	0.00310559
323	24609	0.00309598
324	23815.7	0.00308642
325	24037.9	0.00307692
326	23465.7	0.00306748
327	23582.6	0.0030581
328	23511.9	0.00304878
329	23850.4	0.00303951
330	21755.2	0.0030303
331	24266.2	0.00302115
332	22991.9	0.00301205
333	22781	0.003003
334	23564.6	0.00299401
335	22824.6	0.00298507
336	22921.8	0.00297619
337	22139.5	0.00296736
338	22091	0.00295858
339	21938.6	0.00294985
340	22659.2	0.00294118
341	22843.4	0.00293255
342	21731.5	0.00292398
343	22638.3	0.00291545
344	21783.4	0.00290698
345	21327.7	0.00289855
346	21764.4	0.00289017
347	21462	0.00288184
348	21018.6	0.00287356
349	21392.9	0.00286533
350	20251.1	0.00285714
351	20276.6	0.002849
352	20747.5	0.00284091
353	19701.2	0.00283286
354	19501.6	0.00282486
355	19506.7	0.0028169
356	19089	0.00280899
357	19286.2	0.00280112
358	20183	0.0027933
359	19276.2	0.00278552
360	19935.6	0.00277778
361	19562.5	0.00277008
362	20035.1	0.00276243
363	18352.6	0.00275482
364	20329.8	0.00274725
365	18389.5	0.00273973
366	19154.9	0.00273224
367	18099.1	0.0027248
368	18827	0.00271739
369	18095.2	0.00271003
370	19426.4	0.0027027
371	17978.2	0.00269542
372	19126.1	0.00268817
373	17982.3	0.00268097
374	18326.8	0.0026738
375	17762.1	0.00266667
376	17809.9	0.00265957
377	16946.9	0.00265252
378	18231.9	0.0026455
379	16795.6	0.00263852
380	17475.5	0.00263158
381	16525.8	0.00262467
382	17306.2	0.0026178
383	17357	0.00261097
384	17832.5	0.00260417
385	16675.8	0.0025974
386	17889.8	0.00259067
387	16518	0.00258398
388	17648.1	0.00257732
389	15547.3	0.00257069
390	17623.7	0.0025641
391	16399.7	0.00255754
392	17017.4	0.00255102
393	16467.7	0.00254453
394	17016.2	0.00253807
395	15928.3	0.00253165
396	16731.4	0.00252525
397	14739	0.00251889
398	16495.2	0.00251256
399	15762.5	0.00250627
400	16340.2	0.0025
399	15935.8	0.00250627
398	19296.5	0.00251256
397	16936.3	0.00251889
396	19423.2	0.00252525
395	19373.7	0.00253165
394	20650.9	0.00253807
393	20231	0.00254453
392	22810.9	0.00255102
391	20095.8	0.00255754
390	21511.4	0.0025641
389	22769.8	0.00257069
388	24008.6	0.00257732
387	22143.6	0.00258398
386	25020	0.00259067
385	23356.9	0.0025974
384	25625.2	0.00260417
383	25525	0.00261097
382	26161.4	0.0026178
381	24951.2	0.00262467
380	27427.7	0.00263158
379	25335.5	0.00263852
378	27006	0.0026455
377	27020.6	0.00265252
376	26579.5	0.00265957
375	26706.1	0.00266667
374	28181.1	0.0026738
373	27517.8	0.00268097
372	28353.4	0.00268817
371	27994.5	0.00269542
370	31848.1	0.0027027
369	27671	0.00271003
368	29985.7	0.00271739
367	28888.1	0.0027248
366	30345.8	0.00273224
365	29354	0.00273973
364	31677.1	0.00274725
363	30200.3	0.00275482
362	31107.9	0.00276243
361	30999.7	0.00277008
360	32932.6	0.00277778
359	31540.5	0.00278552
358	33190.1	0.0027933
357	32302.8	0.00280112
356	33206.3	0.00280899
355	30164.4	0.0028169
354	34066.4	0.00282486
353	29853.4	0.00283286
352	34000.4	0.00284091
351	32329.6	0.002849
350	32797.9	0.00285714
349	32338.5	0.00286533
348	34540.1	0.00287356
347	33696.3	0.00288184
346	35659.1	0.00289017
345	35049.4	0.00289855
344	34336.5	0.00290698
343	31550.9	0.00291545
342	34041.8	0.00292398
341	36553.7	0.00293255
340	35872.1	0.00294118
339	35820.3	0.00294985
338	36644.5	0.00295858
337	34525.7	0.00296736
336	35430.6	0.00297619
335	32267.5	0.00298507
334	36367	0.00299401
333	33640.6	0.003003
332	36338	0.00301205
331	33554.3	0.00302115
330	36707	0.0030303
329	36789	0.00303951
328	37466.3	0.00304878
327	34482.8	0.0030581
326	35852.4	0.00306748
325	36595.8	0.00307692
324	36244.8	0.00308642
323	37280.6	0.00309598
322	35023.1	0.00310559
321	36762.1	0.00311526
320	36721.8	0.003125
319	34855.6	0.0031348
318	37063.6	0.00314465
317	37828	0.00315457
316	36308.8	0.00316456
315	36156	0.0031746
314	37221.3	0.00318471
313	37168.5	0.00319489
312	39399.1	0.00320513
311	39998.1	0.00321543
310	37324.5	0.00322581
309	38007.8	0.00323625
308	38990.1	0.00324675
307	36949.3	0.00325733
306	37182.8	0.00326797
305	37033.6	0.00327869
304	41101.5	0.00328947
303	37507.4	0.00330033
302	41139.9	0.00331126
301	39257.5	0.00332226
300	34939.3	0.00333333
299	40093.7	0.00334448
298	39049	0.0033557
297	41554.4	0.003367
296	39703.5	0.00337838
295	39241	0.00338983
294	39237.5	0.00340136
293	41130.7	0.00341297
292	38426.2	0.00342466
291	41142.9	0.00343643
290	40496.9	0.00344828
289	41977.6	0.00346021
288	37996.3	0.00347222
287	42278	0.00348432
286	42363.2	0.0034965
285	41486.5	0.00350877
284	42887.3	0.00352113
283	39776.8	0.00353357
282	43579.8	0.0035461
281	40671.1	0.00355872
280	42310.9	0.00357143
279	44294	0.00358423
278	43256.8	0.00359712
277	40519	0.00361011
276	47597.3	0.00362319
275	41061.1	0.00363636
274	41877.2	0.00364964
273	42076.9	0.003663
272	45345.6	0.00367647
271	41070.2	0.00369004
270	42141.1	0.0037037
269	43558.7	0.00371747
268	43704.4	0.00373134
267	45243.2	0.00374532
266	46587	0.0037594
265	48305.8	0.00377358
264	45430.9	0.00378788
263	45898.5	0.00380228
262	46812.7	0.00381679
261	49475.4	0.00383142
260	52633.2	0.00384615
259	49639.9	0.003861
258	52714.9	0.00387597
257	51308.6	0.00389105
256	49490.5	0.00390625
255	57995.3	0.00392157
254	53520.1	0.00393701
253	53586.9	0.00395257
252	57483.5	0.00396825
251	54037.6	0.00398406
250	52634.9	0.004
249	60646	0.00401606
248	58157.3	0.00403226
247	60375.5	0.00404858
246	64723.1	0.00406504
245	59195.7	0.00408163
244	61022.5	0.00409836
243	57912.5	0.00411523
242	61422.2	0.00413223
241	62155.8	0.00414938
240	66716.8	0.00416667
239	67781.5	0.0041841
238	58898.4	0.00420168
237	71347.2	0.00421941
236	65789.6	0.00423729
235	67360.1	0.00425532
234	60401.1	0.0042735
233	72020.2	0.00429185
232	64020	0.00431034
231	68289.4	0.004329
230	67180.9	0.00434783
229	75445.4	0.00436681
228	69704.2	0.00438596
227	63717.9	0.00440529
226	68000.6	0.00442478
225	66454.6	0.00444444
224	78820	0.00446429
223	67847.4	0.0044843
222	70556.2	0.0045045
221	71340.7	0.00452489
220	68119.1	0.00454545
219	73092.8	0.00456621
218	71616.9	0.00458716
217	73301.1	0.00460829
216	74877.9	0.00462963
215	71333.5	0.00465116
214	75817.5	0.0046729
213	70787.5	0.00469484
212	82270.9	0.00471698
211	75221.3	0.00473934
210	72942.2	0.0047619
209	72870.1	0.00478469
208	77934.3	0.00480769
207	78234.8	0.00483092
206	74657.6	0.00485437
205	76057.3	0.00487805
204	81633.4	0.00490196
203	79242.6	0.00492611
202	74778.5	0.0049505
201	71918.2	0.00497512
200	85324.9	0.005
199	79272.7	0.00502513
198	83133.5	0.00505051
197	87191.7	0.00507614
196	77566.2	0.00510204
195	79870.1	0.00512821
194	88446.3	0.00515464
193	90247.8	0.00518135
192	82534	0.00520833
191	88441.9	0.0052356
190	92911.7	0.00526316
189	88660.8	0.00529101
188	88324.9	0.00531915
187	91460.5	0.00534759
186	103664	0.00537634
185	94277.4	0.00540541
184	84652.4	0.00543478
183	98744.8	0.00546448
182	93315.2	0.00549451
181	95754.1	0.00552486
180	102848	0.00555556
179	114422	0.00558659
178	97539.3	0.00561798
177	97083.3	0.00564972
176	108525	0.00568182
175	107102	0.00571429
174	108874	0.00574713
173	109551	0.00578035
172	113658	0.00581395
171	103504	0.00584795
170	104753	0.00588235
169	124710	0.00591716
168	113530	0.00595238
167	103648	0.00598802
166	121042	0.0060241
165	98536.8	0.00606061
164	112088	0.00609756
163	109135	0.00613497
162	109256	0.00617284
161	129446	0.00621118
160	121282	0.00625
159	101340	0.00628931
158	116047	0.00632911
157	137058	0.00636943
156	115149	0.00641026
155	122304	0.00645161
154	144146	0.00649351
153	134792	0.00653595
152	122570	0.00657895
151	140328	0.00662252
150	138778	0.00666667
149	142845	0.00671141
148	149899	0.00675676
147	129738	0.00680272
146	153907	0.00684932
145	134652	0.00689655
144	146336	0.00694444
143	154754	0.00699301
142	171629	0.00704225
141	129154	0.0070922
140	137016	0.00714286
139	183959	0.00719424
138	153725	0.00724638
137	162114	0.00729927
136	163828	0.00735294
135	159423	0.00740741
134	165975	0.00746269
133	185538	0.0075188
132	174545	0.00757576
131	173472	0.00763359
130	167182	0.00769231
129	175325	0.00775194
128	192477	0.0078125
127	191026	0.00787402
126	183123	0.00793651
125	216918	0.008
124	209371	0.00806452
123	199340	0.00813008
122	219045	0.00819672
121	217818	0.00826446
120	218383	0.00833333
119	188651	0.00840336
118	228505	0.00847458
117	241984	0.00854701
116	209529	0.00862069
115	216981	0.00869565
114	220516	0.00877193
113	249677	0.00884956
112	236711	0.00892857
111	229123	0.00900901
110	240635	0.00909091
109	267925	0.00917431
108	254253	0.00925926
107	278876	0.00934579
106	261812	0.00943396
105	254080	0.00952381
104	317418	0.00961538
103	249800	0.00970874
102	301688	0.00980392
101	266375	0.00990099
100	246212	0.01
99	300290	0.010101
100	290871	0.01
101	312615	0.00990099
102	285024	0.00980392
103	300348	0.00970874
104	252467	0.00961538
105	301262	0.00952381
106	268443	0.00943396
107	254027	0.00934579
108	254695	0.00925926
109	255348	0.00917431
110	240944	0.00909091
111	257930	0.00900901
112	226058	0.00892857
113	227961	0.00884956
114	222564	0.00877193
115	228509	0.00869565
116	261083	0.00862069
117	228585	0.00854701
118	220854	0.00847458
119	244901	0.00840336
120	212960	0.00833333
121	216733	0.00826446
122	215267	0.00819672
123	206521	0.00813008
124	213989	0.00806452
125	215283	0.008
126	219275	0.00793651
127	211549	0.00787402
128	194779	0.0078125
129	190455	0.00775194
130	184033	0.00769231
131	168384	0.00763359
132	188055	0.00757576
133	185641	0.0075188
134	186122	0.00746269
135	170082	0.00740741
136	163146	0.00735294
137	184899	0.00729927
138	164833	0.00724638
139	182086	0.00719424
140	166773	0.00714286
141	160955	0.0070922
142	158737	0.00704225
143	162997	0.00699301
144	172656	0.00694444
145	142018	0.00689655
146	178404	0.00684932
147	146989	0.00680272
148	151558	0.00675676
149	139877	0.00671141
150	154783	0.00666667
151	137017	0.00662252
152	149461	0.00657895
153	142557	0.00653595
154	142751	0.00649351
155	137001	0.00645161
156	138842	0.00641026
157	126122	0.00636943
158	126744	0.00632911
159	124530	0.00628931
160	125067	0.00625
161	136769	0.00621118
162	122463	0.00617284
163	123059	0.00613497
164	134837	0.00609756
165	135502	0.00606061
166	128404	0.0060241
167	122443	0.00598802
168	105375	0.00595238
169	118553	0.00591716
170	121745	0.00588235
171	117434	0.00584795
172	116514	0.00581395
173	119557	0.00578035
174	114736	0.00574713
175	116637	0.00571429
176	108893	0.00568182
177	116150	0.00564972
178	114043	0.00561798
179	113257	0.00558659
180	122437	0.00555556
181	111059	0.00552486
182	99995.5	0.00549451
183	112106	0.00546448
184	117939	0.00543478
185	101628	0.00540541
186	94422.3	0.00537634
187	113833	0.00534759
188	95908.7	0.00531915
189	113396	0.00529101
190	96982.7	0.00526316
191	94681.6	0.0052356
192	93029.6	0.00520833
193	101296	0.00518135
194	94197	0.00515464
195	97606.8	0.00512821
196	100767	0.00510204
197	88855.7	0.00507614
198	96642.5	0.00505051
199	92314.3	0.00502513
200	86181.5	0.005
201	92435.4	0.00497512
202	86537.2	0.0049505
203	94185.8	0.00492611
204	88338.3	0.00490196
205	91830.5	0.00487805
206	89568	0.00485437
207	81640.1	0.00483092
208	85945.7	0.00480769
209	84838.7	0.00478469
210	87744.3	0.0047619
211	83324.6	0.00473934
212	80026.2	0.00471698
213	89903.4	0.00469484
214	81976.4	0.0046729
215	78758.9	0.00465116
216	83625.1	0.00462963
217	83280.5	0.00460829
218	71138.8	0.00458716
219	74354.6	0.00456621
220	84556.4	0.00454545
221	72469.3	0.00452489
222	71423.8	0.0045045
223	75645.5	0.0044843
224	74891.4	0.00446429
225	73587.9	0.00444444
226	68554.8	0.00442478
227	74317.5	0.00440529
228	73244.8	0.00438596
229	81426.6	0.00436681
230	63840.9	0.00434783
231	75560	0.004329
232	64866.5	0.00431034
233	70615.9	0.00429185
234	68066.3	0.0042735
235	65574.7	0.00425532
236	71553.9	0.00423729
237	70282.7	0.00421941
238	68811.5	0.00420168
239	66102.5	0.0041841
240	71114.2	0.00416667
241	68294.1	0.00414938
242	76579.7	0.00413223
243	68341.9	0.00411523
244	64055	0.00409836
245	67155.2	0.00408163
246	66431.6	0.00406504
247	66249.4	0.00404858
248	68749.4	0.00403226
249	70295	0.00401606
250	66707.1	0.004
251	72109.2	0.00398406
252	63469	0.00396825
253	62915.9	0.00395257
254	64369.3	0.00393701
255	64035.9	0.00392157
256	59629.4	0.00390625
257	59144.3	0.00389105
258	63653.8	0.00387597
259	61004.1	0.003861
260	60665.2	0.00384615
261	62119.8	0.00383142
262	58292.5	0.00381679
263	61821.4	0.00380228
264	61591.4	0.00378788
265	52580.2	0.00377358
266	59153.5	0.0037594
267	57871.2	0.00374532
268	56557.4	0.00373134
269	51498.5	0.00371747
270	58511.7	0.0037037
271	49902.8	0.00369004
272	56567.4	0.00367647
273	51395	0.003663
274	53223.6	0.00364964
275	51558.7	0.00363636
276	48745.9	0.00362319
277	53544.6	0.00361011
278	52013.1	0.00359712
279	53967.6	0.00358423
280	55701.9	0.00357143
281	51968.1	0.00355872
282	49049.7	0.0035461
283	46827.9	0.00353357
284	56390.4	0.00352113
285	47962.9	0.00350877
286	48224.6	0.0034965
287	51239.7	0.00348432
288	53162.4	0.00347222
289	49155.7	0.00346021
290	49232.6	0.00344828
291	48559.1	0.00343643
292	51764	0.00342466
293	51430.9	0.00341297
294	48638.8	0.00340136
295	51165.7	0.00338983
296	50986.8	0.00337838
297	49803.9	0.003367
298	46550	0.0033557
299	47350.1	0.00334448
300	48965.3	0.00333333
301	49301.5	0.00332226
302	45280.8	0.00331126
303	52587.3	0.00330033
304	46876.9	0.00328947
305	47945.6	0.00327869
306	45768.3	0.00326797
307	47834.2	0.00325733
308	52362.2	0.00324675
309	44908.2	0.00323625
310	46121.7	0.00322581
311	44327.2	0.00321543
312	50222.4	0.00320513
313	45972.8	0.00319489
314	42420.8	0.00318471
315	45898	0.0031746
316	47149.4	0.00316456
317	45937.3	0.00315457
318	40619.8	0.00314465
319	43505	0.0031348
320	42786.7	0.003125
321	46193.3	0.00311526
322	42035.1	0.00310559
323	43445.7	0.00309598
324	45934.9	0.00308642
325	44988.4	0.00307692
326	39086.2	0.00306748
327	41086.6	0.0030581
328	45386.6	0.00304878
329	43863.3	0.00303951
330	37206.8	0.0030303
331	45798	0.00302115
332	43577.4	0.00301205
333	44623.3	0.003003
334	39764.5	0.00299401
335	43437.8	0.00298507
336	44699.2	0.00297619
337	42464.3	0.00296736
338	40263.8	0.00295858
339	40659.2	0.00294985
340	45243	0.00294118
341	41315.4	0.00293255
342	42779.4	0.00292398
343	42756	0.00291545
344	44994.2	0.00290698
345	42418.3	0.00289855
346	35845.5	0.00289017
347	38435.7	0.00288184
348	46144.4	0.00287356
349	41020.4	0.00286533
350	37565.9	0.00285714
351	37623.5	0.002849
352	46915.8	0.00284091
353	38158.9	0.00283286
354	39522.3	0.00282486
355	39462.6	0.0028169
356	37781.3	0.00280899
357	36560.3	0.00280112
358	35806.8	0.0027933
359	41786.2	0.00278552
360	33093.5	0.00277778
361	38838.5	0.00277008
362	34596	0.00276243
363	36361.5	0.00275482
364	38486	0.00274725
365	35656.3	0.00273973
366	37450.8	0.00273224
367	35928.9	0.0027248
368	35206.2	0.00271739
369	35950.6	0.00271003
370	34980.2	0.0027027
371	33979.2	0.00269542
372	34182.3	0.00268817
373	33483.2	0.00268097
374	35722.4	0.0026738
375	35074.7	0.00266667
376	33870	0.00265957
377	33992.2	0.00265252
378	34325.4	0.0026455
379	32589.7	0.00263852
380	34150.2	0.00263158
381	34838.9	0.00262467
382	33385.6	0.0026178
383	32537.4	0.00261097
384	33282.8	0.00260417
385	33491.9	0.0025974
386	36732.3	0.00259067
387	31688.8	0.00258398
388	32695.8	0.00257732
389	31632.4	0.00257069
390	32796.6	0.0025641
391	32045.3	0.00255754
392	32029.2	0.00255102
393	32314.2	0.00254453
394	32786.7	0.00253807
395	31827	0.00253165
396	32773.6	0.00252525
397	30650	0.00251889
398	30406.8	0.00251256
399	27577.6	0.00250627
400	29361	0.0025
399	32386.2	0.00250627
398	29608.5	0.00251256
397	31636.8	0.00251889
396	34998.1	0.00252525
395	33282.8	0.00253165
394	32834.6	0.00253807
393	35617.1	0.00254453
392	31814.4	0.00255102
391	38012.5	0.00255754
390	35170.1	0.0025641
389	39286.8	0.00257069
388	35827.1	0.00257732
387	38961.1	0.00258398
386	39100.1	0.00259067
385	38718.6	0.0025974
384	38265.9	0.00260417
383	39415.1	0.00261097
382	36890.4	0.0026178
381	40933.1	0.00262467
380	40855.5	0.00263158
379	42216.7	0.00263852
378	40881.2	0.0026455
377	41608.2	0.00265252
376	40743	0.00265957
375	44063.2	0.00266667
374	41666.9	0.0026738
373	44207.3	0.00268097
372	38929.3	0.00268817
371	40683.2	0.00269542
370	43038.8	0.0027027
369	43901.8	0.00271003
368	43467.4	0.00271739
367	43487.9	0.0027248
366	44343.4	0.00273224
365	41947	0.00273973
364	41743.9	0.00274725
363	44825.4	0.00275482
362	44612.7	0.00276243
361	43991.4	0.00277008
360	44899.6	0.00277778
359	47080.4	0.00278552
358	47571.5	0.0027933
357	47413.6	0.00280112
356	50769	0.00280899
355	46170.6	0.0028169
354	44140.2	0.00282486
353	46262.4	0.00283286
352	47290.7	0.00284091
351	48874.4	0.002849
350	52797.1	0.00285714
349	49043.1	0.00286533
348	52780.5	0.00287356
347	51550.6	0.00288184
346	50628.5	0.00289017
345	53254.5	0.00289855
344	48073.4	0.00290698
343	55814.6	0.00291545
342	50551.2	0.00292398
341	47548.4	0.00293255
340	50778.4	0.00294118
339	52845.1	0.00294985
338	55316.5	0.00295858
337	50575.1	0.00296736
336	55365.6	0.00297619
335	53331.7	0.00298507
334	56337.2	0.00299401
333	54837.1	0.003003
332	53345.3	0.00301205
331	58024.4	0.00302115
330	55761	0.0030303
329	57110.8	0.00303951
328	57712.2	0.00304878
327	57368	0.0030581
326	59037	0.00306748
325	49388.6	0.00307692
324	58798	0.00308642
323	57599.7	0.00309598
322	54742.9	0.00310559
321	52191	0.00311526
320	61961	0.003125
319	60303.2	0.0031348
318	58572.8	0.00314465
317	58780.6	0.00315457
316	56133.2	0.00316456
315	61129	0.0031746
314	61162.8	0.00318471
313	61545.7	0.00319489
312	61710.5	0.00320513
311	60075.8	0.00321543
310	63055.6	0.00322581
309	60448.8	0.00323625
308	63069.9	0.00324675
307	58881.6	0.00325733
306	62678.4	0.00326797
305	60706.5	0.00327869
304	61871.3	0.00328947
303	54697.3	0.00330033
302	64551.2	0.00331126
301	59528.5	0.00332226
300	59527.5	0.00333333
299	60279.2	0.00334448
298	64176.5	0.0033557
297	63006.3	0.003367
296	62427.3	0.00337838
295	68898.5	0.00338983
294	60802.2	0.00340136
293	69590.6	0.00341297
292	64467.9	0.00342466
291	64535.6	0.00343643
290	68470.6	0.00344828
289	69322	0.00346021
288	68722.4	0.00347222
287	62494.4	0.00348432
286	77755.7	0.0034965
285	65908.5	0.00350877
284	72271.2	0.00352113
283	68197.7	0.00353357
282	68590	0.0035461
281	87917.2	0.00355872
280	68402.3	0.00357143
279	72391.6	0.00358423
278	75910.3	0.00359712
277	74642.8	0.00361011
276	74049.1	0.00362319
275	67157.3	0.00363636
274	79725.7	0.00364964
273	73271.6	0.003663
272	75455.9	0.00367647
271	77109.8	0.00369004
270	78766.9	0.0037037
269	72565.2	0.00371747
268	82860.7	0.00373134
267	75854.5	0.00374532
266	70701.3	0.0037594
265	76760.3	0.00377358
264	78146	0.00378788
263	84409.8	0.00380228
262	79055.4	0.00381679
261	93531.5	0.00383142
260	74662	0.00384615
259	84028.1	0.003861
258	85858.9	0.00387597
257	70714.5	0.00389105
256	90408.1	0.00390625
255	79767.7	0.00392157
254	90657.2	0.00393701
253	82589.5	0.00395257
252	89201.7	0.00396825
251	83262.4	0.00398406
250	84658.2	0.004
249	91260.7	0.00401606
248	96896.9	0.00403226
247	97344.1	0.00404858
246	88380.1	0.00406504
245	79429.4	0.00408163
244	75773.2	0.00409836
243	97303.8	0.00411523
242	101035	0.00413223
241	97550.3	0.00414938
240	79051.1	0.00416667
239	83891.9	0.0041841
238	98179.3	0.00420168
237	89600	0.00421941
236	95223.4	0.00423729
235	97968.3	0.00425532
234	95852.2	0.0042735
233	98492.6	0.00429185
232	88801.2	0.00431034
231	104682	0.004329
230	99335.5	0.00434783
229	108325	0.00436681
228	104982	0.00438596
227	106360	0.00440529
226	114020	0.00442478
225	107189	0.00444444
224	106439	0.00446429
223	127301	0.0044843
222	105796	0.0045045
221	121789	0.00452489
220	107631	0.00454545
219	117531	0.00456621
218	110255	0.00458716
217	106373	0.00460829
216	118143	0.00462963
215	121134	0.00465116
214	122275	0.0046729
213	107560	0.00469484
212	126614	0.00471698
211	122824	0.00473934
210	125214	0.0047619
209	119664	0.00478469
208	130894	0.00480769
207	135039	0.00483092
206	131325	0.00485437
205	125776	0.00487805
204	128685	0.00490196
203	134713	0.00492611
202	126142	0.0049505
201	128841	0.00497512
200	123808	0.005
199	145208	0.00502513
198	133427	0.00505051
197	139923	0.00507614
196	115050	0.00510204
195	127761	0.00512821
194	149963	0.00515464
193	146975	0.00518135
192	138769	0.00520833
191	132647	0.0052356
190	142388	0.00526316
189	144519	0.00529101
188	138627	0.00531915
187	151404	0.00534759
186	148257	0.00537634
185	153361	0.00540541
184	161785	0.00543478
183	178710	0.00546448
182	180623	0.00549451
181	143794	0.00552486
180	146590	0.00555556
179	159783	0.00558659
178	194409	0.00561798
177	179410	0.00564972
176	146972	0.00568182
175	146085	0.00571429
174	190223	0.00574713
173	153456	0.00578035
172	177219	0.00581395
171	186583	0.00584795
170	169491	0.00588235
169	166137	0.00591716
168	185979	0.00595238
167	180684	0.00598802
166	192807	0.0060241
165	187758	0.00606061
164	162402	0.00609756
163	204233	0.00613497
162	175318	0.00617284
161	216007	0.00621118
160	190626	0.00625
159	210859	0.00628931
158	226494	0.00632911
157	194653	0.00636943
156	191497	0.00641026
155	215798	0.00645161
154	202146	0.00649351
153	205241	0.00653595
152	211528	0.00657895
151	237937	0.00662252
150	202561	0.00666667
149	226818	0.00671141
148	232491	0.00675676
147	247831	0.00680272
146	224516	0.00684932
145	225918	0.00689655
144	228386	0.00694444
143	216583	0.00699301
142	239171	0.00704225
141	221721	0.0070922
140	261685	0.00714286
139	224590	0.00719424
138	304278	0.00724638
137	273753	0.00729927
136	273094	0.00735294
135	241025	0.00740741
134	278427	0.00746269
133	289263	0.0075188
132	272406	0.00757576
131	305222	0.00763359
130	280751	0.00769231
129	299498	0.00775194
128	288537	0.0078125
127	295185	0.00787402
126	264619	0.00793651
125	320997	0.008
124	305605	0.00806452
123	302826	0.00813008
122	298570	0.00819672
121	398689	0.00826446
120	311870	0.00833333
119	394202	0.00840336
118	321762	0.00847458
117	326764	0.00854701
116	338903	0.00862069
115	332115	0.00869565
114	341189	0.00877193
113	410982	0.00884956
112	383494	0.00892857
111	405686	0.00900901
110	351655	0.00909091
109	416497	0.00917431
108	368167	0.00925926
107	468677	0.00934579
106	392648	0.00943396
105	441184	0.00952381
104	387008	0.00961538
103	488974	0.00970874
102	445500	0.00980392
101	381930	0.00990099
100	471937	0.01
99	454402	0.010101
100	463697	0.01
101	424112	0.00990099
102	440527	0.00980392
103	405520	0.00970874
104	457543	0.00961538
105	421312	0.00952381
106	409535	0.00943396
107	451232	0.00934579
108	398390	0.00925926
109	468595	0.00917431
110	430353	0.00909091
111	415461	0.00900901
112	367009	0.00892857
113	438666	0.00884956
114	351837	0.00877193
115	367284	0.00869565
116	403691	0.00862069
117	403580	0.00854701
118	404272	0.00847458
119	350385	0.00840336
120	367955	0.00833333
121	369468	0.00826446
122	354727	0.00819672
123	269745	0.00813008
124	383221	0.00806452
125	329379	0.008
126	315200	0.00793651
127	291171	0.00787402
128	332869	0.0078125
129	344908	0.00775194
130	346015	0.00769231
131	336871	0.00763359
132	265665	0.00757576
133	351079	0.0075188
134	259467	0.00746269
135	247559	0.00740741
136	278218	0.00735294
137	288008	0.00729927
138	258747	0.00724638
139	299277	0.00719424
140	250831	0.00714286
141	277209	0.0070922
142	220943	0.00704225
143	290234	0.00699301
144	250928	0.00694444
145	234072	0.00689655
146	230405	0.00684932
147	235050	0.00680272
148	250652	0.00675676
149	205313	0.00671141
150	282409	0.00666667
151	212510	0.00662252
152	224137	0.00657895
153	205527	0.00653595
154	208422	0.00649351
155	221514	0.00645161
156	225900	0.00641026
157	230676	0.00636943
158	188891	0.00632911
159	195363	0.00628931
160	221327	0.00625
161	213357	0.00621118
162	189475	0.00617284
163	234968	0.00613497
164	193589	0.00609756
165	229753	0.00606061
166	207342	0.0060241
167	189444	0.00598802
168	225266	0.00595238
169	187225	0.00591716
170	190104	0.00588235
171	195208	0.00584795
172	161699	0.00581395
173	190818	0.00578035
174	175294	0.00574713
175	164745	0.00571429
176	168020	0.00568182
177	175023	0.00564972
178	157661	0.00561798
179	209257	0.00558659
180	155171	0.00555556
181	161226	0.00552486
182	183947	0.00549451
183	181065	0.00546448
184	174414	0.00543478
185	173065	0.00540541
186	155665	0.00537634
187	166288	0.00534759
188	144578	0.00531915
189	168603	0.00529101
190	155908	0.00526316
191	162551	0.0052356
192	155611	0.00520833
193	151945	0.00518135
194	141465	0.00515464
195	151506	0.00512821
196	152266	0.00510204
197	140016	0.00507614
198	153746	0.00505051
199	141783	0.00502513
200	145395	0.005
201	142984	0.00497512
202	129010	0.0049505
203	129806	0.00492611
204	141284	0.00490196
205	138705	0.00487805
206	128252	0.00485437
207	145658	0.00483092
208	130068	0.00480769
209	127024	0.00478469
210	120309	0.0047619
211	150839	0.00473934
212	136741	0.00471698
213	115094	0.00469484
214	126103	0.0046729
215	121110	0.00465116
216	107213	0.00462963
217	116555	0.00460829
218	125759	0.00458716
219	128488	0.00456621
220	131294	0.00454545
221	117136	0.00452489
222	106608	0.0045045
223	121992	0.0044843
224	121730	0.00446429
225	113544	0.00444444
226	115732	0.00442478
227	123858	0.00440529
228	108752	0.00438596
229	99559.8	0.00436681
230	120169	0.00434783
231	100108	0.004329
232	107851	0.00431034
233	115551	0.00429185
234	121560	0.0042735
235	101562	0.00425532
236	101756	0.00423729
237	118581	0.00421941
238	100548	0.00420168
239	99408.1	0.0041841
240	105076	0.00416667
241	98039.9	0.00414938
242	99871.1	0.00413223
243	100975	0.00411523
244	107902	0.00409836
245	98161.9	0.00408163
246	101863	0.00406504
247	96432.3	0.00404858
248	104804	0.00403226
249	109537	0.00401606
250	106228	0.004
251	84101.6	0.00398406
252	85654.7	0.00396825
253	92656.2	0.00395257
254	79076.6	0.00393701
255	101793	0.00392157
256	87702	0.00390625
257	82918.9	0.00389105
258	89412.3	0.00387597
259	82184.3	0.003861
260	91179.2	0.00384615
261	83918	0.00383142
262	83726.1	0.00381679
263	85677.3	0.00380228
264	89088.4	0.00378788
265	94420.3	0.00377358
266	83814	0.0037594
267	80208.2	0.00374532
268	81605.1	0.00373134
269	89923.5	0.00371747
270	82060.9	0.0037037
271	80670.6	0.00369004
272	85060.5	0.00367647
273	80707.8	0.003663
274	74939.8	0.00364964
275	79558.3	0.00363636
276	80529.1	0.00362319
277	84440.4	0.00361011
278	79924.1	0.00359712
279	79450	0.00358423
280	76583.7	0.00357143
281	77544.5	0.00355872
282	78870.6	0.0035461
283	80709.7	0.00353357
284	71396.8	0.00352113
285	79838.6	0.00350877
286	71588.7	0.0034965
287	79140.1	0.00348432
288	61211.5	0.00347222
289	74240.8	0.00346021
290	71629.5	0.00344828
291	73813.2	0.00343643
292	81507.4	0.00342466
293	75835.6	0.00341297
294	67380.3	0.00340136
295	76546.4	0.00338983
296	74423	0.00337838
297	69287.2	0.003367
298	76359.7	0.0033557
299	68017.6	0.00334448
300	70483.7	0.00333333
301	73157.1	0.00332226
302	74090.5	0.00331126
303	71530.9	0.00330033
304	68954.4	0.00328947
305	71028.7	0.00327869
306	65012	0.00326797
307	66192.4	0.00325733
308	67791.5	0.00324675
309	61009.8	0.00323625
310	70157.9	0.00322581
311	62061.7	0.00321543
312	71779	0.00320513
313	67537.5	0.00319489
314	65247.1	0.00318471
315	63543	0.0031746
316	65907.2	0.00316456
317	65655.7	0.00315457
318	62651.6	0.00314465
319	62614.6	0.0031348
320	65854.5	0.003125
321	67932.3	0.00311526
322	63165.1	0.00310559
323	66503.8	0.00309598
324	57828	0.00308642
325	61308.6	0.00307692
326	56600.6	0.00306748
327	63906.7	0.0030581
328	57933.7	0.00304878
329	62078.9	0.00303951
330	63243.2	0.0030303
331	59068.8	0.00302115
332	60920	0.00301205
333	64067.9	0.003003
334	58082	0.00299401
335	54967.8	0.00298507
336	59646.9	0.00297619
337	56643.2	0.00296736
338	60501.2	0.00295858
339	58673.3	0.00294985
340	58123.1	0.00294118
341	58745	0.00293255
342	56093.2	0.00292398
343	54915.8	0.00291545
344	54378.6	0.00290698
345	56982.4	0.00289855
346	55177.6	0.00289017
347	59876.3	0.00288184
348	54780	0.00287356
349	59564.5	0.00286533
350	50322.9	0.00285714
351	55844.4	0.002849
352	55704.4	0.00284091
353	53050.5	0.00283286
354	50541.2	0.00282486
355	55979.9	0.0028169
356	54061.3	0.00280899
357	56804.9	0.00280112
358	52418.1	0.0027933
359	56885.2	0.00278552
360	51236.2	0.00277778
361	51150.4	0.00277008
362	52255.3	0.00276243
363	48131.7	0.00275482
364	48743.1	0.00274725
365	53183.7	0.00273973
366	47799.8	0.00273224
367	58111.5	0.0027248
368	49113.7	0.00271739
369	47584.9	0.00271003
370	48374.7	0.0027027
371	49014.2	0.00269542
372	47090.1	0.00268817
373	47741.7	0.00268097
374	49379.9	0.0026738
375	46666.6	0.00266667
376	45935.1	0.00265957
377	46762.4	0.00265252
378	47159.3	0.0026455
379	41346	0.00263852
380	47879.1	0.00263158
381	44575.7	0.00262467
382	44690.8	0.0026178
383	49654	0.00261097
384	43740.4	0.00260417
385	47648.1	0.0025974
386	45024.1	0.00259067
387	40462.5	0.00258398
388	43752.3	0.00257732
389	43455	0.00257069
390	47066.7	0.0025641
391	41860.1	0.00255754
392	46331.1	0.00255102
393	41890.5	0.00254453
394	46185.8	0.00253807
395	44089.4	0.00253165
396	43057.5	0.00252525
397	39405	0.00251889
398	44050.3	0.00251256
399	40749.6	0.00250627
400	41768.2	0.0025
399	40966.6	0.00250627
398	45129.3	0.00251256
397	41991.4	0.00251889
396	44746.4	0.00252525
395	40238	0.00253165
394	47956.7	0.00253807
393	43393.1	0.00254453
392	48823.2	0.00255102
391	47869.5	0.00255754
390	50941.7	0.0025641
389	49456.8	0.00257069
388	52432.6	0.00257732
387	48703.3	0.00258398
386	53451.2	0.00259067
385	53014.5	0.0025974
384	54430.3	0.00260417
383	53316.6	0.00261097
382	54597.9	0.0026178
381	52915.6	0.00262467
380	58648.6	0.00263158
379	57664.1	0.00263852
378	54238.5	0.0026455
377	55309.9	0.00265252
376	63845.5	0.00265957
375	56955.4	0.00266667
374	61840.1	0.0026738
373	56211.2	0.00268097
372	61561.8	0.00268817
371	62628	0.00269542
370	63703.6	0.0027027
369	62213.7	0.00271003
368	63614.2	0.00271739
367	59506.8	0.0027248
366	64460.4	0.00273224
365	73599.8	0.00273973
364	61961.6	0.00274725
363	64767.6	0.00275482
362	60387.4	0.00276243
361	71043.3	0.00277008
360	66617.9	0.00277778
359	65911.5	0.00278552
358	66658.1	0.0027933
357	67239	0.00280112
356	67660.5	0.00280899
355	71745.9	0.0028169
354	69367.8	0.00282486
353	71239.9	0.00283286
352	63933.7	0.00284091
351	71718.4	0.002849
350	67237.1	0.00285714
349	72005.3	0.00286533
348	71718.6	0.00287356
347	75264.2	0.00288184
346	76524.1	0.00289017
345	67873	0.00289855
344	77779.9	0.00290698
343	77351.3	0.00291545
342	73197.8	0.00292398
341	71887.8	0.00293255
340	71346.5	0.00294118
339	75011	0.00294985
338	72909.3	0.00295858
337	70527.3	0.00296736
336	76931.2	0.00297619
335	71506.8	0.00298507
334	78505.6	0.00299401
333	71074.5	0.003003
332	71800.8	0.00301205
331	76837.9	0.00302115
330	80260.8	0.0030303
329	72566.8	0.00303951
328	75251.9	0.00304878
327	77524.8	0.0030581
326	83133.3	0.00306748
325	77005.5	0.00307692
324	78900.3	0.00308642
323	70425.6	0.00309598
322	78160.6	0.00310559
321	78805.9	0.00311526
320	77619.2	0.003125
319	77254.8	0.0031348
318	78344.3	0.00314465
317	77062.1	0.00315457
316	77735.3	0.00316456
315	77041.2	0.0031746
314	79982.2	0.00318471
313	83527.1	0.00319489
312	81360.9	0.00320513
311	77610.9	0.00321543
310	87337.9	0.00322581
309	79552.8	0.00323625
308	80518	0.00324675
307	79305.8	0.00325733
