5	-10	0
5	10
5.05	-10	0.01
5.05	10
5.1	-10	0.02
5.1	10
5.15	-10	0.03
5.15	10
5.2	-10	0.04
5.2	10
5.25	-10	0.05
5.25	10
5.3	-10	0.06
5.3	10
5.35	-10	0.07
5.35	10
5.4	-10	0.08
5.4	10
5.45	-10	0.09
5.45	10
5.5	-10	0.1
5.5	10
5.55	-10	0.11
5.55	10
5.6	-10	0.12
5.6	10
5.65	-10	0.13
5.65	10
5.7	-10	0.14
5.7	10
5.75	-10	0.15
5.75	10
5.8	-10	0.16
5.8	10
5.85	-10	0.17
5.85	10
5.9	-10	0.18
5.9	10
5.95	-10	0.19
5.95	10
6	-10	0.2
6	10
6.05	-10	0.21
6.05	10
6.1	-10	0.22
6.1	10
6.15	-10	0.23
6.15	10
6.2	-10	0.24
6.2	10
6.25	-10	0.25
6.25	10
6.3	-10	0.26
6.3	10
6.35	-10	0.27
6.35	10
6.4	-10	0.28
6.4	10
6.45	-10	0.29
6.45	10
6.5	-10	0.3
6.5	10
6.55	-10	0.31
6.55	10
6.6	-10	0.32
6.6	10
6.65	-10	0.33
6.65	10
6.7	-10	0.34
6.7	10
6.75	-10	0.35
6.75	10
6.8	-10	0.36
6.8	10
6.85	-10	0.37
6.85	10
6.9	-10	0.38
6.9	10
6.95	-10	0.39
6.95	10
7	-10	0.4
7	10
7.05	-10	0.41
7.05	10
7.1	-10	0.42
7.1	10
7.15	-10	0.43
7.15	10
7.2	-10	0.44
7.2	10
7.25	-10	0.45
7.25	10
7.3	-10	0.46
7.3	10
7.35	-10	0.47
7.35	10
7.4	-10	0.48
7.4	10
7.45	-10	0.49
7.45	10
7.5	-10	0.5
7.5	10
7.55	-10	0.51
7.55	10
7.6	-10	0.52
7.6	10
7.65	-10	0.53
7.65	10
7.7	-10	0.54
7.7	10
7.75	-10	0.55
7.75	10
7.8	-10	0.56
7.8	10
7.85	-10	0.57
7.85	10
7.9	-10	0.58
7.9	10
7.95	-10	0.59
7.95	10
8	-10	0.6
8	10
8.05	-10	0.61
8.05	10
8.1	-10	0.62
8.1	10
8.15	-10	0.63
8.15	10
8.2	-10	0.64
8.2	10
8.25	-10	0.65
8.25	10
8.3	-10	0.66
8.3	10
8.35	-10	0.67
8.35	10
8.4	-10	0.68
8.4	10
8.45	-10	0.69
8.45	10
8.5	-10	0.7
8.5	10
8.55	-10	0.71
8.55	10
8.6	-10	0.72
8.6	10
8.65	-10	0.73
8.65	10
8.7	-10	0.74
8.7	10
8.75	-10	0.75
8.75	10
8.8	-10	0.76
8.8	10
8.85	-10	0.77
8.85	10
8.9	-10	0.78
8.9	10
8.95	-10	0.79
8.95	10
9	-10	0.8
9	10
9.05	-10	0.81
9.05	10
9.1	-10	0.82
9.1	10
9.15	-10	0.83
9.15	10
9.2	-10	0.84
9.2	10
9.25	-10	0.85
9.25	10
9.3	-10	0.86
9.3	10
9.35	-10	0.87
9.35	10
9.4	-10	0.88
9.4	10
9.45	-10	0.89
9.45	10
9.5	-10	0.9
9.5	10
9.55	-10	0.91
9.55	10
9.6	-10	0.92
9.6	10
9.65	-10	0.93
9.65	10
9.7	-10	0.94
9.7	10
9.75	-10	0.95
9.75	10
9.8	-10	0.96
9.8	10
9.85	-10	0.97
9.85	10
9.9	-10	0.98
9.9	10
9.95	-10	0.99
9.95	10
10	-10	1
10	10
9.95	-10	1.01
9.95	10
9.9	-10	1.02
9.9	10
9.85	-10	1.03
9.85	10
9.8	-10	1.04
9.8	10
9.75	-10	1.05
9.75	10
9.7	-10	1.06
9.7	10
9.65	-10	1.07
9.65	10
9.6	-10	1.08
9.6	10
9.55	-10	1.09
9.55	10
9.5	-10	1.1
9.5	10
9.45	-10	1.11
9.45	10
9.4	-10	1.12
9.4	10
9.35	-10	1.13
9.35	10
9.3	-10	1.14
9.3	10
9.25	-10	1.15
9.25	10
9.2	-10	1.16
9.2	10
9.15	-10	1.17
9.15	10
9.1	-10	1.18
9.1	10
9.05	-10	1.19
9.05	10
9	-10	1.2
9	10
8.95	-10	1.21
8.95	10
8.9	-10	1.22
8.9	10
8.85	-10	1.23
8.85	10
8.8	-10	1.24
8.8	10
8.75	-10	1.25
8.75	10
8.7	-10	1.26
8.7	10
8.65	-10	1.27
8.65	10
8.6	-10	1.28
8.6	10
8.55	-10	1.29
8.55	10
8.5	-10	1.3
8.5	10
8.45	-10	1.31
8.45	10
8.4	-10	1.32
8.4	10
8.35	-10	1.33
8.35	10
8.3	-10	1.34
8.3	10
8.25	-10	1.35
8.25	10
8.2	-10	1.36
8.2	10
8.15	-10	1.37
8.15	10
8.1	-10	1.38
8.1	10
8.05	-10	1.39
8.05	10
8	-10	1.4
8	10
7.95	-10	1.41
7.95	10
7.9	-10	1.42
7.9	10
7.85	-10	1.43
7.85	10
7.8	-10	1.44
7.8	10
7.75	-10	1.45
7.75	10
7.7	-10	1.46
7.7	10
7.65	-10	1.47
7.65	10
7.6	-10	1.48
7.6	10
7.55	-10	1.49
7.55	10
7.5	-10	1.5
7.5	10
7.45	-10	1.51
7.45	10
7.4	-10	1.52
7.4	10
7.35	-10	1.53
7.35	10
7.3	-10	1.54
7.3	10
7.25	-10	1.55
7.25	10
7.2	-10	1.56
7.2	10
7.15	-10	1.57
7.15	10
7.1	-10	1.58
7.1	10
7.05	-10	1.59
7.05	10
7	-10	1.6
7	10
6.95	-10	1.61
6.95	10
6.9	-10	1.62
6.9	10
6.85	-10	1.63
6.85	10
6.8	-10	1.64
6.8	10
6.75	-10	1.65
6.75	10
6.7	-10	1.66
6.7	10
6.65	-10	1.67
6.65	10
6.6	-10	1.68
6.6	10
6.55	-10	1.69
6.55	10
6.5	-10	1.7
6.5	10
6.45	-10	1.71
6.45	10
6.4	-10	1.72
6.4	10
6.35	-10	1.73
6.35	10
6.3	-10	1.74
6.3	10
6.25	-10	1.75
6.25	10
6.2	-10	1.76
6.2	10
6.15	-10	1.77
6.15	10
6.1	-10	1.78
6.1	10
6.05	-10	1.79
6.05	10
6	-10	1.8
6	10
5.95	-10	1.81
5.95	10
5.9	-10	1.82
5.9	10
5.85	-10	1.83
5.85	10
5.8	-10	1.84
5.8	10
5.75	-10	1.85
5.75	10
5.7	-10	1.86
5.7	10
5.65	-10	1.87
5.65	10
5.6	-10	1.88
5.6	10
5.55	-10	1.89
5.55	10
5.5	-10	1.9
5.5	10
5.45	-10	1.91
5.45	10
5.4	-10	1.92
5.4	10
5.35	-10	1.93
5.35	10
5.3	-10	1.94
5.3	10
5.25	-10	1.95
5.25	10
5.2	-10	1.96
5.2	10
5.15	-10	1.97
5.15	10
5.1	-10	1.98
5.1	10
5.05	-10	1.99
5.05	10
5	-10	2
5	10
4.95	-10	2.01
4.95	10
4.9	-10	2.02
4.9	10
4.85	-10	2.03
4.85	10
4.8	-10	2.04
4.8	10
4.75	-10	2.05
4.75	10
4.7	-10	2.06
4.7	10
4.65	-10	2.07
4.65	10
4.6	-10	2.08
4.6	10
4.55	-10	2.09
4.55	10
4.5	-10	2.1
4.5	10
4.45	-10	2.11
4.45	10
4.4	-10	2.12
4.4	10
4.35	-10	2.13
4.35	10
4.3	-10	2.14
4.3	10
4.25	-10	2.15
4.25	10
4.2	-10	2.16
4.2	10
4.15	-10	2.17
4.15	10
4.1	-10	2.18
4.1	10
4.05	-10	2.19
4.05	10
4	-10	2.2
4	10
3.95	-10	2.21
3.95	10
3.9	-10	2.22
3.9	10
3.85	-10	2.23
3.85	10
3.8	-10	2.24
3.8	10
3.75	-10	2.25
3.75	10
3.7	-10	2.26
3.7	10
3.65	-10	2.27
3.65	10
3.6	-10	2.28
3.6	10
3.55	-10	2.29
3.55	10
3.5	-10	2.3
3.5	10
3.45	-10	2.31
3.45	10
3.4	-10	2.32
3.4	10
3.35	-10	2.33
3.35	10
3.3	-10	2.34
3.3	10
3.25	-10	2.35
3.25	10
3.2	-10	2.36
3.2	10
3.15	-10	2.37
3.15	10
3.1	-10	2.38
3.1	10
3.05	-10	2.39
3.05	10
3	-10	2.4
3	10
2.95	-10	2.41
2.95	10
2.9	-10	2.42
2.9	10
2.85	-10	2.43
2.85	10
2.8	-10	2.44
2.8	10
2.75	-10	2.45
2.75	10
2.7	-10	2.46
2.7	10
2.65	-10	2.47
2.65	10
2.6	-10	2.48
2.6	10
2.55	-10	2.49
2.55	10
2.5	-10	2.5
2.5	10
2.45	-10	2.51
2.45	10
2.4	-10	2.52
2.4	10
2.35	-10	2.53
2.35	10
2.3	-10	2.54
2.3	10
2.25	-10	2.55
2.25	10
2.2	-10	2.56
2.2	10
2.15	-10	2.57
2.15	10
2.1	-10	2.58
2.1	10
2.05	-10	2.59
2.05	10
2	-10	2.6
2	10
1.95	-10	2.61
1.95	10
1.9	-10	2.62
1.9	10
1.85	-10	2.63
1.85	10
1.8	-10	2.64
1.8	10
1.75	-10	2.65
1.75	10
1.7	-10	2.66
1.7	10
1.65	-10	2.67
1.65	10
1.6	-10	2.68
1.6	10
1.55	-10	2.69
1.55	10
1.5	-10	2.7
1.5	10
1.45	-10	2.71
1.45	10
1.4	-10	2.72
1.4	10
1.35	-10	2.73
1.35	10
1.3	-10	2.74
1.3	10
1.25	-10	2.75
1.25	10
1.2	-10	2.76
1.2	10
1.15	-10	2.77
1.15	10
1.1	-10	2.78
1.1	10
1.05	-10	2.79
1.05	10
1	-10	2.8
1	10
0.95	-10	2.81
0.95	10
0.9	-10	2.82
0.9	10
0.85	-10	2.83
0.85	10
0.8	-10	2.84
0.8	10
0.75	-10	2.85
0.75	10
0.7	-10	2.86
0.7	10
0.65	-10	2.87
0.65	10
0.6	-10	2.88
0.6	10
0.55	-10	2.89
0.55	10
0.5	-10	2.9
0.5	10
0.45	-10	2.91
0.45	10
0.4	-10	2.92
0.4	10
0.35	-10	2.93
0.35	10
0.3	-10	2.94
0.3	10
0.25	-10	2.95
0.25	10
0.2	-10	2.96
0.2	10
0.15	-10	2.97
0.15	10
0.1	-10	2.98
0.1	10
0.05	-10	2.99
0.05	10
1.02852e-014	-10	3
1.02852e-014	10
-0.05	-10	3.01
-0.05	10
-0.1	-10	3.02
-0.1	10
-0.15	-10	3.03
-0.15	10
-0.2	-10	3.04
-0.2	10
-0.25	-10	3.05
-0.25	10
-0.3	-10	3.06
-0.3	10
-0.35	-10	3.07
-0.35	10
-0.4	-10	3.08
-0.4	10
-0.45	-10	3.09
-0.45	10
-0.5	-10	3.1
-0.5	10
-0.55	-10	3.11
-0.55	10
-0.6	-10	3.12
-0.6	10
-0.65	-10	3.13
-0.65	10
-0.7	-10	3.14
-0.7	10
-0.75	-10	3.15
-0.75	10
-0.8	-10	3.16
-0.8	10
-0.85	-10	3.17
-0.85	10
-0.9	-10	3.18
-0.9	10
-0.95	-10	3.19
-0.95	10
-1	-10	3.2
-1	10
-1.05	-10	3.21
-1.05	10
-1.1	-10	3.22
-1.1	10
-1.15	-10	3.23
-1.15	10
-1.2	-10	3.24
-1.2	10
-1.25	-10	3.25
-1.25	10
-1.3	-10	3.26
-1.3	10
-1.35	-10	3.27
-1.35	10
-1.4	-10	3.28
-1.4	10
-1.45	-10	3.29
-1.45	10
-1.5	-10	3.3
-1.5	10
-1.55	-10	3.31
-1.55	10
-1.6	-10	3.32
-1.6	10
-1.65	-10	3.33
-1.65	10
-1.7	-10	3.34
-1.7	10
-1.75	-10	3.35
-1.75	10
-1.8	-10	3.36
-1.8	10
-1.85	-10	3.37
-1.85	10
-1.9	-10	3.38
-1.9	10
-1.95	-10	3.39
-1.95	10
-2	-10	3.4
-2	10
-2.05	-10	3.41
-2.05	10
-2.1	-10	3.42
-2.1	10
-2.15	-10	3.43
-2.15	10
-2.2	-10	3.44
-2.2	10
-2.25	-10	3.45
-2.25	10
-2.3	-10	3.46
-2.3	10
-2.35	-10	3.47
-2.35	10
-2.4	-10	3.48
-2.4	10
-2.45	-10	3.49
-2.45	10
-2.5	-10	3.5
-2.5	10
-2.55	-10	3.51
-2.55	10
-2.6	-10	3.52
-2.6	10
-2.65	-10	3.53
-2.65	10
-2.7	-10	3.54
-2.7	10
-2.75	-10	3.55
-2.75	10
-2.8	-10	3.56
-2.8	10
-2.85	-10	3.57
-2.85	10
-2.9	-10	3.58
-2.9	10
-2.95	-10	3.59
-2.95	10
-3	-10	3.6
-3	10
-3.05	-10	3.61
-3.05	10
-3.1	-10	3.62
-3.1	10
-3.15	-10	3.63
-3.15	10
-3.2	-10	3.64
-3.2	10
-3.25	-10	3.65
-3.25	10
-3.3	-10	3.66
-3.3	10
-3.35	-10	3.67
-3.35	10
-3.4	-10	3.68
-3.4	10
-3.45	-10	3.69
-3.45	10
-3.5	-10	3.7
-3.5	10
-3.55	-10	3.71
-3.55	10
-3.6	-10	3.72
-3.6	10
-3.65	-10	3.73
-3.65	10
-3.7	-10	3.74
-3.7	10
-3.75	-10	3.75
-3.75	10
-3.8	-10	3.76
-3.8	10
-3.85	-10	3.77
-3.85	10
-3.9	-10	3.78
-3.9	10
-3.95	-10	3.79
-3.95	10
-4	-10	3.8
-4	10
-4.05	-10	3.81
-4.05	10
-4.1	-10	3.82
-4.1	10
-4.15	-10	3.83
-4.15	10
-4.2	-10	3.84
-4.2	10
-4.25	-10	3.85
-4.25	10
-4.3	-10	3.86
-4.3	10
-4.35	-10	3.87
-4.35	10
-4.4	-10	3.88
-4.4	10
-4.45	-10	3.89
-4.45	10
-4.5	-10	3.9
-4.5	10
-4.55	-10	3.91
-4.55	10
-4.6	-10	3.92
-4.6	10
-4.65	-10	3.93
-4.65	10
-4.7	-10	3.94
-4.7	10
-4.75	-10	3.95
-4.75	10
-4.8	-10	3.96
-4.8	10
-4.85	-10	3.97
-4.85	10
-4.9	-10	3.98
-4.9	10
-4.95	-10	3.99
-4.95	10
-5	-10	4
-5	10
-5.05	-10	4.01
-5.05	10
-5	-10	4.02
-5	10
-4.95	-10	4.03
-4.95	10
-4.9	-10	4.04
-4.9	10
-4.85	-10	4.05
-4.85	10
-4.8	-10	4.06
-4.8	10
-4.75	-10	4.07
-4.75	10
-4.7	-10	4.08
-4.7	10
-4.65	-10	4.09
-4.65	10
-4.6	-10	4.1
-4.6	10
-4.55	-10	4.11
-4.55	10
-4.5	-10	4.12
-4.5	10
-4.45	-10	4.13
-4.45	10
-4.4	-10	4.14
-4.4	10
-4.35	-10	4.15
-4.35	10
-4.3	-10	4.16
-4.3	10
-4.25	-10	4.17
-4.25	10
-4.2	-10	4.18
-4.2	10
-4.15	-10	4.19
-4.15	10
-4.1	-10	4.2
-4.1	10
-4.05	-10	4.21
-4.05	10
-4	-10	4.22
-4	10
-3.95	-10	4.23
-3.95	10
-3.9	-10	4.24
-3.9	10
-3.85	-10	4.25
-3.85	10
-3.8	-10	4.26
-3.8	10
-3.75	-10	4.27
-3.75	10
-3.7	-10	4.28
-3.7	10
-3.65	-10	4.29
-3.65	10
-3.6	-10	4.3
-3.6	10
-3.55	-10	4.31
-3.55	10
-3.5	-10	4.32
-3.5	10
-3.45	-10	4.33
-3.45	10
-3.4	-10	4.34
-3.4	10
-3.35	-10	4.35
-3.35	10
-3.3	-10	4.36
-3.3	10
-3.25	-10	4.37
-3.25	10
-3.2	-10	4.38
-3.2	10
-3.15	-10	4.39
-3.15	10
-3.1	-10	4.4
-3.1	10
-3.05	-10	4.41
-3.05	10
-3	-10	4.42
-3	10
-2.95	-10	4.43
-2.95	10
-2.9	-10	4.44
-2.9	10
-2.85	-10	4.45
-2.85	10
-2.8	-10	4.46
-2.8	10
-2.75	-10	4.47
-2.75	10
-2.7	-10	4.48
-2.7	10
-2.65	-10	4.49
-2.65	10
-2.6	-10	4.5
-2.6	10
-2.55	-10	4.51
-2.55	10
-2.5	-10	4.52
-2.5	10
-2.45	-10	4.53
-2.45	10
-2.4	-10	4.54
-2.4	10
-2.35	-10	4.55
-2.35	10
-2.3	-10	4.56
-2.3	10
-2.25	-10	4.57
-2.25	10
-2.2	-10	4.58
-2.2	10
-2.15	-10	4.59
-2.15	10
-2.1	-10	4.6
-2.1	10
-2.05	-10	4.61
-2.05	10
-2	-10	4.62
-2	10
-1.95	-10	4.63
-1.95	10
-1.9	-10	4.64
-1.9	10
-1.85	-10	4.65
-1.85	10
-1.8	-10	4.66
-1.8	10
-1.75	-10	4.67
-1.75	10
-1.7	-10	4.68
-1.7	10
-1.65	-10	4.69
-1.65	10
-1.6	-10	4.7
-1.6	10
-1.55	-10	4.71
-1.55	10
-1.5	-10	4.72
-1.5	10
-1.45	-10	4.73
-1.45	10
-1.4	-10	4.74
-1.4	10
-1.35	-10	4.75
-1.35	10
-1.3	-10	4.76
-1.3	10
-1.25	-10	4.77
-1.25	10
-1.2	-10	4.78
-1.2	10
-1.15	-10	4.79
-1.15	10
-1.1	-10	4.8
-1.1	10
-1.05	-10	4.81
-1.05	10
-1	-10	4.82
-1	10
-0.95	-10	4.83
-0.95	10
-0.9	-10	4.84
-0.9	10
-0.85	-10	4.85
-0.85	10
-0.8	-10	4.86
-0.8	10
-0.75	-10	4.87
-0.75	10
-0.7	-10	4.88
-0.7	10
-0.65	-10	4.89
-0.65	10
-0.6	-10	4.9
-0.6	10
-0.55	-10	4.91
-0.55	10
-0.5	-10	4.92
-0.5	10
-0.45	-10	4.93
-0.45	10
-0.4	-10	4.94
-0.4	10
-0.35	-10	4.95
-0.35	10
-0.3	-10	4.96
-0.3	10
-0.25	-10	4.97
-0.25	10
-0.2	-10	4.98
-0.2	10
-0.15	-10	4.99
-0.15	10
-0.1	-10	5
-0.1	10
-0.05	-10	5.01
-0.05	10
1.03095e-014	-10	5.02
1.03095e-014	10
0.05	-10	5.03
0.05	10
0.1	-10	5.04
0.1	10
0.15	-10	5.05
0.15	10
0.2	-10	5.06
0.2	10
0.25	-10	5.07
0.25	10
0.3	-10	5.08
0.3	10
0.35	-10	5.09
0.35	10
0.4	-10	5.1
0.4	10
0.45	-10	5.11
0.45	10
0.5	-10	5.12
0.5	10
0.55	-10	5.13
0.55	10
0.6	-10	5.14
0.6	10
0.65	-10	5.15
0.65	10
0.7	-10	5.16
0.7	10
0.75	-10	5.17
0.75	10
0.8	-10	5.18
0.8	10
0.85	-10	5.19
0.85	10
0.9	-10	5.2
0.9	10
0.95	-10	5.21
0.95	10
1	-10	5.22
1	10
1.05	-10	5.23
1.05	10
1.1	-10	5.24
1.1	10
1.15	-10	5.25
1.15	10
1.2	-10	5.26
1.2	10
1.25	-10	5.27
1.25	10
1.3	-10	5.28
1.3	10
1.35	-10	5.29
1.35	10
1.4	-10	5.3
1.4	10
1.45	-10	5.31
1.45	10
1.5	-10	5.32
1.5	10
1.55	-10	5.33
1.55	10
1.6	-10	5.34
1.6	10
1.65	-10	5.35
1.65	10
1.7	-10	5.36
1.7	10
1.75	-10	5.37
1.75	10
1.8	-10	5.38
1.8	10
1.85	-10	5.39
1.85	10
1.9	-10	5.4
1.9	10
1.95	-10	5.41
1.95	10
2	-10	5.42
2	10
2.05	-10	5.43
2.05	10
2.1	-10	5.44
2.1	10
2.15	-10	5.45
2.15	10
2.2	-10	5.46
2.2	10
2.25	-10	5.47
2.25	10
2.3	-10	5.48
2.3	10
2.35	-10	5.49
2.35	10
2.4	-10	5.5
2.4	10
2.45	-10	5.51
2.45	10
2.5	-10	5.52
2.5	10
2.55	-10	5.53
2.55	10
2.6	-10	5.54
2.6	10
2.65	-10	5.55
2.65	10
2.7	-10	5.56
2.7	10
2.75	-10	5.57
2.75	10
2.8	-10	5.58
2.8	10
2.85	-10	5.59
2.85	10
2.9	-10	5.6
2.9	10
2.95	-10	5.61
2.95	10
3	-10	5.62
3	10
3.05	-10	5.63
3.05	10
3.1	-10	5.64
3.1	10
3.15	-10	5.65
3.15	10
3.2	-10	5.66
3.2	10
3.25	-10	5.67
3.25	10
3.3	-10	5.68
3.3	10
3.35	-10	5.69
3.35	10
3.4	-10	5.7
3.4	10
3.45	-10	5.71
3.45	10
3.5	-10	5.72
3.5	10
3.55	-10	5.73
3.55	10
3.6	-10	5.74
3.6	10
3.65	-10	5.75
3.65	10
3.7	-10	5.76
3.7	10
3.75	-10	5.77
3.75	10
3.8	-10	5.78
3.8	10
3.85	-10	5.79
3.85	10
3.9	-10	5.8
3.9	10
3.95	-10	5.81
3.95	10
4	-10	5.82
4	10
4.05	-10	5.83
4.05	10
4.1	-10	5.84
4.1	10
4.15	-10	5.85
4.15	10
4.2	-10	5.86
4.2	10
4.25	-10	5.87
4.25	10
4.3	-10	5.88
4.3	10
4.35	-10	5.89
4.35	10
4.4	-10	5.9
4.4	10
4.45	-10	5.91
4.45	10
4.5	-10	5.92
4.5	10
4.55	-10	5.93
4.55	10
4.6	-10	5.94
4.6	10
4.65	-10	5.95
4.65	10
4.7	-10	5.96
4.7	10
4.75	-10	5.97
4.75	10
4.8	-10	5.98
4.8	10
4.85	-10	5.99
4.85	10
4.9	-10	6
4.9	10
4.95	-10	6.01
4.95	10
5	-10	6.02
5	10
5.05	-10	6.03
5.05	10
5.1	-10	6.04
5.1	10
5.15	-10	6.05
5.15	10
5.2	-10	6.06
5.2	10
5.25	-10	6.07
5.25	10
5.3	-10	6.08
5.3	10
5.35	-10	6.09
5.35	10
5.4	-10	6.1
5.4	10
5.45	-10	6.11
5.45	10
5.5	-10	6.12
5.5	10
5.55	-10	6.13
5.55	10
5.6	-10	6.14
5.6	10
5.65	-10	6.15
5.65	10
5.7	-10	6.16
5.7	10
5.75	-10	6.17
5.75	10
5.8	-10	6.18
5.8	10
5.85	-10	6.19
5.85	10
5.9	-10	6.2
5.9	10
5.95	-10	6.21
5.95	10
6	-10	6.22
6	10
6.05	-10	6.23
6.05	10
6.1	-10	6.24
6.1	10
6.15	-10	6.25
6.15	10
6.2	-10	6.26
6.2	10
6.25	-10	6.27
6.25	10
6.3	-10	6.28
6.3	10
6.35	-10	6.29
6.35	10
6.4	-10	6.3
6.4	10
6.45	-10	6.31
6.45	10
6.5	-10	6.32
6.5	10
6.55	-10	6.33
6.55	10
6.6	-10	6.34
6.6	10
6.65	-10	6.35
6.65	10
6.7	-10	6.36
6.7	10
6.75	-10	6.37
6.75	10
6.8	-10	6.38
6.8	10
6.85	-10	6.39
6.85	10
6.9	-10	6.4
6.9	10
6.95	-10	6.41
6.95	10
7	-10	6.42
7	10
7.05	-10	6.43
7.05	10
7.1	-10	6.44
7.1	10
7.15	-10	6.45
7.15	10
7.2	-10	6.46
7.2	10
7.25	-10	6.47
7.25	10
7.3	-10	6.48
7.3	10
7.35	-10	6.49
7.35	10
7.4	-10	6.5
7.4	10
7.45	-10	6.51
7.45	10
7.5	-10	6.52
7.5	10
7.55	-10	6.53
7.55	10
7.6	-10	6.54
7.6	10
7.65	-10	6.55
7.65	10
7.7	-10	6.56
7.7	10
7.75	-10	6.57
7.75	10
7.8	-10	6.58
7.8	10
7.85	-10	6.59
7.85	10
7.9	-10	6.6
7.9	10
7.95	-10	6.61
7.95	10
8	-10	6.62
8	10
8.05	-10	6.63
8.05	10
8.1	-10	6.64
8.1	10
8.15	-10	6.65
8.15	10
8.2	-10	6.66
8.2	10
8.25	-10	6.67
8.25	10
8.3	-10	6.68
8.3	10
8.35	-10	6.69
8.35	10
8.4	-10	6.7
8.4	10
8.45	-10	6.71
8.45	10
8.5	-10	6.72
8.5	10
8.55	-10	6.73
8.55	10
8.6	-10	6.74
8.6	10
8.65	-10	6.75
8.65	10
8.7	-10	6.76
8.7	10
8.75	-10	6.77
8.75	10
8.8	-10	6.78
8.8	10
8.85	-10	6.79
8.85	10
8.9	-10	6.8
8.9	10
8.95	-10	6.81
8.95	10
9	-10	6.82
9	10
9.05	-10	6.83
9.05	10
9.1	-10	6.84
9.1	10
9.15	-10	6.85
9.15	10
9.2	-10	6.86
9.2	10
9.25	-10	6.87
9.25	10
9.3	-10	6.88
9.3	10
9.35	-10	6.89
9.35	10
9.4	-10	6.9
9.4	10
9.45	-10	6.91
9.45	10
9.5	-10	6.92
9.5	10
9.55	-10	6.93
9.55	10
9.6	-10	6.94
9.6	10
9.65	-10	6.95
9.65	10
9.7	-10	6.96
9.7	10
9.75	-10	6.97
9.75	10
9.8	-10	6.98
9.8	10
9.85	-10	6.99
9.85	10
9.9	-10	7
9.9	10
9.95	-10	7.01
9.95	10
10	-10	7.02
10	10
9.95	-10	7.03
9.95	10
9.9	-10	7.04
9.9	10
9.85	-10	7.05
9.85	10
9.8	-10	7.06
9.8	10
9.75	-10	7.07
9.75	10
9.7	-10	7.08
9.7	10
9.65	-10	7.09
9.65	10
9.6	-10	7.1
9.6	10
9.55	-10	7.11
9.55	10
9.5	-10	7.12
9.5	10
9.45	-10	7.13
9.45	10
9.4	-10	7.14
9.4	10
9.35	-10	7.15
9.35	10
9.3	-10	7.16
9.3	10
9.25	-10	7.17
9.25	10
9.2	-10	7.18
9.2	10
9.15	-10	7.19
9.15	10
9.1	-10	7.2
9.1	10
9.05	-10	7.21
9.05	10
9	-10	7.22
9	10
8.95	-10	7.23
8.95	10
8.9	-10	7.24
8.9	10
8.85	-10	7.25
8.85	10
8.8	-10	7.26
8.8	10
8.75	-10	7.27
8.75	10
8.7	-10	7.28
8.7	10
8.65	-10	7.29
8.65	10
8.6	-10	7.3
8.6	10
8.55	-10	7.31
8.55	10
8.5	-10	7.32
8.5	10
8.45	-10	7.33
8.45	10
8.4	-10	7.34
8.4	10
8.35	-10	7.35
8.35	10
8.3	-10	7.36
8.3	10
8.25	-10	7.37
8.25	10
8.2	-10	7.38
8.2	10
8.15	-10	7.39
8.15	10
8.1	-10	7.4
8.1	10
8.05	-10	7.41
8.05	10
8	-10	7.42
8	10
7.95	-10	7.43
7.95	10
7.9	-10	7.44
7.9	10
7.85	-10	7.45
7.85	10
7.8	-10	7.46
7.8	10
7.75	-10	7.47
7.75	10
7.7	-10	7.48
7.7	10
7.65	-10	7.49
7.65	10
7.6	-10	7.5
7.6	10
7.55	-10	7.51
7.55	10
7.5	-10	7.52
7.5	10
7.45	-10	7.53
7.45	10
7.4	-10	7.54
7.4	10
7.35	-10	7.55
7.35	10
7.3	-10	7.56
7.3	10
7.25	-10	7.57
7.25	10
7.2	-10	7.58
7.2	10
7.15	-10	7.59
7.15	10
7.1	-10	7.6
7.1	10
7.05	-10	7.61
7.05	10
7	-10	7.62
7	10
6.95	-10	7.63
6.95	10
6.9	-10	7.64
6.9	10
6.85	-10	7.65
6.85	10
6.8	-10	7.66
6.8	10
6.75	-10	7.67
6.75	10
6.7	-10	7.68
6.7	10
6.65	-10	7.69
6.65	10
6.6	-10	7.7
6.6	10
6.55	-10	7.71
6.55	10
6.5	-10	7.72
6.5	10
6.45	-10	7.73
6.45	10
6.4	-10	7.74
6.4	10
6.35	-10	7.75
6.35	10
6.3	-10	7.76
6.3	10
6.25	-10	7.77
6.25	10
6.2	-10	7.78
6.2	10
6.15	-10	7.79
6.15	10
6.1	-10	7.8
6.1	10
6.05	-10	7.81
6.05	10
6	-10	7.82
6	10
5.95	-10	7.83
5.95	10
5.9	-10	7.84
5.9	10
5.85	-10	7.85
5.85	10
5.8	-10	7.86
5.8	10
5.75	-10	7.87
5.75	10
5.7	-10	7.88
5.7	10
5.65	-10	7.89
5.65	10
5.6	-10	7.9
5.6	10
5.55	-10	7.91
5.55	10
5.5	-10	7.92
5.5	10
5.45	-10	7.93
5.45	10
5.4	-10	7.94
5.4	10
5.35	-10	7.95
5.35	10
5.3	-10	7.96
5.3	10
5.25	-10	7.97
5.25	10
5.2	-10	7.98
5.2	10
5.15	-10	7.99
5.15	10
5.1	-10	8
5.1	10
5.05	-10	8.01
5.05	10
5	-10	8.02
5	10
4.95	-10	8.03
4.95	10
4.9	-10	8.04
4.9	10
4.85	-10	8.05
4.85	10
4.8	-10	8.06
4.8	10
4.75	-10	8.07
4.75	10
4.7	-10	8.08
4.7	10
4.65	-10	8.09
4.65	10
4.6	-10	8.1
4.6	10
4.55	-10	8.11
4.55	10
4.5	-10	8.12
4.5	10
4.45	-10	8.13
4.45	10
4.4	-10	8.14
4.4	10
4.35	-10	8.15
4.35	10
4.3	-10	8.16
4.3	10
4.25	-10	8.17
4.25	10
4.2	-10	8.18
4.2	10
4.15	-10	8.19
4.15	10
4.1	-10	8.2
4.1	10
4.05	-10	8.21
4.05	10
4	-10	8.22
4	10
3.95	-10	8.23
3.95	10
3.9	-10	8.24
3.9	10
3.85	-10	8.25
3.85	10
3.8	-10	8.26
3.8	10
3.75	-10	8.27
3.75	10
3.7	-10	8.28
3.7	10
3.65	-10	8.29
3.65	10
3.6	-10	8.3
3.6	10
3.55	-10	8.31
3.55	10
3.5	-10	8.32
3.5	10
3.45	-10	8.33
3.45	10
3.4	-10	8.34
3.4	10
3.35	-10	8.35
3.35	10
3.3	-10	8.36
3.3	10
3.25	-10	8.37
3.25	10
3.2	-10	8.38
3.2	10
3.15	-10	8.39
3.15	10
3.1	-10	8.4
3.1	10
3.05	-10	8.41
3.05	10
3	-10	8.42
3	10
2.95	-10	8.43
2.95	10
2.9	-10	8.44
2.9	10
2.85	-10	8.45
2.85	10
2.8	-10	8.46
2.8	10
2.75	-10	8.47
2.75	10
2.7	-10	8.48
2.7	10
2.65	-10	8.49
2.65	10
2.6	-10	8.5
2.6	10
2.55	-10	8.51
2.55	10
2.5	-10	8.52
2.5	10
2.45	-10	8.53
2.45	10
2.4	-10	8.54
2.4	10
2.35	-10	8.55
2.35	10
2.3	-10	8.56
2.3	10
2.25	-10	8.57
2.25	10
2.2	-10	8.58
2.2	10
2.15	-10	8.59
2.15	10
2.1	-10	8.6
2.1	10
2.05	-10	8.61
2.05	10
2	-10	8.62
2	10
1.95	-10	8.63
1.95	10
1.9	-10	8.64
1.9	10
1.85	-10	8.65
1.85	10
1.8	-10	8.66
1.8	10
1.75	-10	8.67
1.75	10
1.7	-10	8.68
1.7	10
1.65	-10	8.69
1.65	10
1.6	-10	8.7
1.6	10
1.55	-10	8.71
1.55	10
1.5	-10	8.72
1.5	10
1.45	-10	8.73
1.45	10
1.4	-10	8.74
1.4	10
1.35	-10	8.75
1.35	10
1.3	-10	8.76
1.3	10
1.25	-10	8.77
1.25	10
1.2	-10	8.78
1.2	10
1.15	-10	8.79
1.15	10
1.1	-10	8.8
1.1	10
1.05	-10	8.81
1.05	10
1	-10	8.82
1	10
0.95	-10	8.83
0.95	10
0.9	-10	8.84
0.9	10
0.85	-10	8.85
0.85	10
0.8	-10	8.86
0.8	10
0.75	-10	8.87
0.75	10
0.7	-10	8.88
0.7	10
0.65	-10	8.89
0.65	10
0.6	-10	8.9
0.6	10
0.55	-10	8.91
0.55	10
0.5	-10	8.92
0.5	10
0.45	-10	8.93
0.45	10
0.4	-10	8.94
0.4	10
0.35	-10	8.95
0.35	10
0.3	-10	8.96
0.3	10
0.25	-10	8.97
0.25	10
0.2	-10	8.98
0.2	10
0.15	-10	8.99
0.15	10
0.1	-10	9
0.1	10
0.05	-10	9.01
0.05	10
1.02852e-014	-10	9.02
1.02852e-014	10
-0.05	-10	9.03
-0.05	10
-0.1	-10	9.04
-0.1	10
-0.15	-10	9.05
-0.15	10
-0.2	-10	9.06
-0.2	10
-0.25	-10	9.07
-0.25	10
-0.3	-10	9.08
-0.3	10
-0.35	-10	9.09
-0.35	10
-0.4	-10	9.1
-0.4	10
-0.45	-10	9.11
-0.45	10
-0.5	-10	9.12
-0.5	10
-0.55	-10	9.13
-0.55	10
-0.6	-10	9.14
-0.6	10
-0.65	-10	9.15
-0.65	10
-0.7	-10	9.16
-0.7	10
-0.75	-10	9.17
-0.75	10
-0.8	-10	9.18
-0.8	10
-0.85	-10	9.19
-0.85	10
-0.9	-10	9.2
-0.9	10
-0.95	-10	9.21
-0.95	10
-1	-10	9.22
-1	10
-1.05	-10	9.23
-1.05	10
-1.1	-10	9.24
-1.1	10
-1.15	-10	9.25
-1.15	10
-1.2	-10	9.26
-1.2	10
-1.25	-10	9.27
-1.25	10
-1.3	-10	9.28
-1.3	10
-1.35	-10	9.29
-1.35	10
-1.4	-10	9.3
-1.4	10
-1.45	-10	9.31
-1.45	10
-1.5	-10	9.32
-1.5	10
-1.55	-10	9.33
-1.55	10
-1.6	-10	9.34
-1.6	10
-1.65	-10	9.35
-1.65	10
-1.7	-10	9.36
-1.7	10
-1.75	-10	9.37
-1.75	10
-1.8	-10	9.38
-1.8	10
-1.85	-10	9.39
-1.85	10
-1.9	-10	9.4
-1.9	10
-1.95	-10	9.41
-1.95	10
-2	-10	9.42
-2	10
-2.05	-10	9.43
-2.05	10
-2.1	-10	9.44
-2.1	10
-2.15	-10	9.45
-2.15	10
-2.2	-10	9.46
-2.2	10
-2.25	-10	9.47
-2.25	10
-2.3	-10	9.48
-2.3	10
-2.35	-10	9.49
-2.35	10
-2.4	-10	9.5
-2.4	10
-2.45	-10	9.51
-2.45	10
-2.5	-10	9.52
-2.5	10
-2.55	-10	9.53
-2.55	10
-2.6	-10	9.54
-2.6	10
-2.65	-10	9.55
-2.65	10
-2.7	-10	9.56
-2.7	10
-2.75	-10	9.57
-2.75	10
-2.8	-10	9.58
-2.8	10
-2.85	-10	9.59
-2.85	10
-2.9	-10	9.6
-2.9	10
-2.95	-10	9.61
-2.95	10
-3	-10	9.62
-3	10
-3.05	-10	9.63
-3.05	10
-3.1	-10	9.64
-3.1	10
-3.15	-10	9.65
-3.15	10
-3.2	-10	9.66
-3.2	10
-3.25	-10	9.67
-3.25	10
-3.3	-10	9.68
-3.3	10
-3.35	-10	9.69
-3.35	10
-3.4	-10	9.7
-3.4	10
-3.45	-10	9.71
-3.45	10
-3.5	-10	9.72
-3.5	10
-3.55	-10	9.73
-3.55	10
-3.6	-10	9.74
-3.6	10
-3.65	-10	9.75
-3.65	10
-3.7	-10	9.76
-3.7	10
-3.75	-10	9.77
-3.75	10
-3.8	-10	9.78
-3.8	10
-3.85	-10	9.79
-3.85	10
-3.9	-10	9.8
-3.9	10
-3.95	-10	9.81
-3.95	10
-4	-10	9.82
-4	10
-4.05	-10	9.83
-4.05	10
-4.1	-10	9.84
-4.1	10
-4.15	-10	9.85
-4.15	10
-4.2	-10	9.86
-4.2	10
-4.25	-10	9.87
-4.25	10
-4.3	-10	9.88
-4.3	10
-4.35	-10	9.89
-4.35	10
-4.4	-10	9.9
-4.4	10
-4.45	-10	9.91
-4.45	10
-4.5	-10	9.92
-4.5	10
-4.55	-10	9.93
-4.55	10
-4.6	-10	9.94
-4.6	10
-4.65	-10	9.95
-4.65	10
-4.7	-10	9.96
-4.7	10
-4.75	-10	9.97
-4.75	10
-4.8	-10	9.98
-4.8	10
-4.85	-10	9.99
-4.85	10
-4.9	-10	10
-4.9	10
-4.95	-10	10.01
-4.95	10
-5	-10	10.02
-5	10
-5.05	-10	10.03
-5.05	10
-5	-10	10.04
-5	10
-4.95	-10	10.05
-4.95	10
-4.9	-10	10.06
-4.9	10
-4.85	-10	10.07
-4.85	10
-4.8	-10	10.08
-4.8	10
-4.75	-10	10.09
-4.75	10
-4.7	-10	10.1
-4.7	10
-4.65	-10	10.11
-4.65	10
-4.6	-10	10.12
-4.6	10
-4.55	-10	10.13
-4.55	10
-4.5	-10	10.14
-4.5	10
-4.45	-10	10.15
-4.45	10
-4.4	-10	10.16
-4.4	10
-4.35	-10	10.17
-4.35	10
-4.3	-10	10.18
-4.3	10
-4.25	-10	10.19
-4.25	10
-4.2	-10	10.2
-4.2	10
-4.15	-10	10.21
-4.15	10
-4.1	-10	10.22
-4.1	10
-4.05	-10	10.23
-4.05	10
-4	-10	10.24
-4	10
-3.95	-10	10.25
-3.95	10
-3.9	-10	10.26
-3.9	10
-3.85	-10	10.27
-3.85	10
-3.8	-10	10.28
-3.8	10
-3.75	-10	10.29
-3.75	10
-3.7	-10	10.3
-3.7	10
-3.65	-10	10.31
-3.65	10
-3.6	-10	10.32
-3.6	10
-3.55	-10	10.33
-3.55	10
-3.5	-10	10.34
-3.5	10
-3.45	-10	10.35
-3.45	10
-3.4	-10	10.36
-3.4	10
-3.35	-10	10.37
-3.35	10
-3.3	-10	10.38
-3.3	10
-3.25	-10	10.39
-3.25	10
-3.2	-10	10.4
-3.2	10
-3.15	-10	10.41
-3.15	10
-3.1	-10	10.42
-3.1	10
-3.05	-10	10.43
-3.05	10
-3	-10	10.44
-3	10
-2.95	-10	10.45
-2.95	10
-2.9	-10	10.46
-2.9	10
-2.85	-10	10.47
-2.85	10
-2.8	-10	10.48
-2.8	10
-2.75	-10	10.49
-2.75	10
-2.7	-10	10.5
-2.7	10
-2.65	-10	10.51
-2.65	10
-2.6	-10	10.52
-2.6	10
-2.55	-10	10.53
-2.55	10
-2.5	-10	10.54
-2.5	10
-2.45	-10	10.55
-2.45	10
-2.4	-10	10.56
-2.4	10
-2.35	-10	10.57
-2.35	10
-2.3	-10	10.58
-2.3	10
-2.25	-10	10.59
-2.25	10
-2.2	-10	10.6
-2.2	10
-2.15	-10	10.61
-2.15	10
-2.1	-10	10.62
-2.1	10
-2.05	-10	10.63
-2.05	10
-2	-10	10.64
-2	10
-1.95	-10	10.65
-1.95	10
-1.9	-10	10.66
-1.9	10
-1.85	-10	10.67
-1.85	10
-1.8	-10	10.68
-1.8	10
-1.75	-10	10.69
-1.75	10
-1.7	-10	10.7
-1.7	10
-1.65	-10	10.71
-1.65	10
-1.6	-10	10.72
-1.6	10
-1.55	-10	10.73
-1.55	10
-1.5	-10	10.74
-1.5	10
-1.45	-10	10.75
-1.45	10
-1.4	-10	10.76
-1.4	10
-1.35	-10	10.77
-1.35	10
-1.3	-10	10.78
-1.3	10
-1.25	-10	10.79
-1.25	10
-1.2	-10	10.8
-1.2	10
-1.15	-10	10.81
-1.15	10
-1.1	-10	10.82
-1.1	10
-1.05	-10	10.83
-1.05	10
-1	-10	10.84
-1	10
-0.95	-10	10.85
-0.95	10
-0.9	-10	10.86
-0.9	10
-0.85	-10	10.87
-0.85	10
-0.8	-10	10.88
-0.8	10
-0.75	-10	10.89
-0.75	10
-0.7	-10	10.9
-0.7	10
-0.65	-10	10.91
-0.65	10
-0.6	-10	10.92
-0.6	10
-0.55	-10	10.93
-0.55	10
-0.5	-10	10.94
-0.5	10
-0.45	-10	10.95
-0.45	10
-0.4	-10	10.96
-0.4	10
-0.35	-10	10.97
-0.35	10
-0.3	-10	10.98
-0.3	10
-0.25	-10	10.99
-0.25	10
-0.2	-10	11
-0.2	10
-0.15	-10	11.01
-0.15	10
-0.1	-10	11.02
-0.1	10
-0.05	-10	11.03
-0.05	10
1.03095e-014	-10	11.04
1.03095e-014	10
0.05	-10	11.05
0.05	10
0.1	-10	11.06
0.1	10
0.15	-10	11.07
0.15	10
0.2	-10	11.08
0.2	10
0.25	-10	11.09
0.25	10
0.3	-10	11.1
0.3	10
0.35	-10	11.11
0.35	10
0.4	-10	11.12
0.4	10
0.45	-10	11.13
0.45	10
0.5	-10	11.14
0.5	10
0.55	-10	11.15
0.55	10
0.6	-10	11.16
0.6	10
0.65	-10	11.17
0.65	10
0.7	-10	11.18
0.7	10
0.75	-10	11.19
0.75	10
0.8	-10	11.2
0.8	10
0.85	-10	11.21
0.85	10
0.9	-10	11.22
0.9	10
0.95	-10	11.23
0.95	10
1	-10	11.24
1	10
1.05	-10	11.25
1.05	10
1.1	-10	11.26
1.1	10
1.15	-10	11.27
1.15	10
1.2	-10	11.28
1.2	10
1.25	-10	11.29
1.25	10
1.3	-10	11.3
1.3	10
1.35	-10	11.31
1.35	10
1.4	-10	11.32
1.4	10
1.45	-10	11.33
1.45	10
1.5	-10	11.34
1.5	10
1.55	-10	11.35
1.55	10
1.6	-10	11.36
1.6	10
1.65	-10	11.37
1.65	10
1.7	-10	11.38
1.7	10
1.75	-10	11.39
1.75	10
1.8	-10	11.4
1.8	10
1.85	-10	11.41
1.85	10
1.9	-10	11.42
1.9	10
1.95	-10	11.43
1.95	10
2	-10	11.44
2	10
2.05	-10	11.45
2.05	10
2.1	-10	11.46
2.1	10
2.15	-10	11.47
2.15	10
2.2	-10	11.48
2.2	10
2.25	-10	11.49
2.25	10
2.3	-10	11.5
2.3	10
2.35	-10	11.51
2.35	10
2.4	-10	11.52
2.4	10
2.45	-10	11.53
2.45	10
2.5	-10	11.54
2.5	10
2.55	-10	11.55
2.55	10
2.6	-10	11.56
2.6	10
2.65	-10	11.57
2.65	10
2.7	-10	11.58
2.7	10
2.75	-10	11.59
2.75	10
2.8	-10	11.6
2.8	10
2.85	-10	11.61
2.85	10
2.9	-10	11.62
2.9	10
2.95	-10	11.63
2.95	10
3	-10	11.64
3	10
3.05	-10	11.65
3.05	10
3.1	-10	11.66
3.1	10
3.15	-10	11.67
3.15	10
3.2	-10	11.68
3.2	10
3.25	-10	11.69
3.25	10
3.3	-10	11.7
3.3	10
3.35	-10	11.71
3.35	10
3.4	-10	11.72
3.4	10
3.45	-10	11.73
3.45	10
3.5	-10	11.74
3.5	10
3.55	-10	11.75
3.55	10
3.6	-10	11.76
3.6	10
3.65	-10	11.77
3.65	10
3.7	-10	11.78
3.7	10
3.75	-10	11.79
3.75	10
3.8	-10	11.8
3.8	10
3.85	-10	11.81
3.85	10
3.9	-10	11.82
3.9	10
3.95	-10	11.83
3.95	10
4	-10	11.84
4	10
4.05	-10	11.85
4.05	10
4.1	-10	11.86
4.1	10
4.15	-10	11.87
4.15	10
4.2	-10	11.88
4.2	10
4.25	-10	11.89
4.25	10
4.3	-10	11.9
4.3	10
4.35	-10	11.91
4.35	10
4.4	-10	11.92
4.4	10
4.45	-10	11.93
4.45	10
4.5	-10	11.94
4.5	10
4.55	-10	11.95
4.55	10
4.6	-10	11.96
4.6	10
4.65	-10	11.97
4.65	10
4.7	-10	11.98
4.7	10
4.75	-10	11.99
4.75	10
4.8	-10	12
4.8	10
4.85	-10	12.01
4.85	10
4.9	-10	12.02
4.9	10
4.95	-10	12.03
4.95	10
5	-10	12.04
5	10
5.05	-10	12.05
5.05	10
5.1	-10	12.06
5.1	10
5.15	-10	12.07
5.15	10
5.2	-10	12.08
5.2	10
5.25	-10	12.09
5.25	10
5.3	-10	12.1
5.3	10
5.35	-10	12.11
5.35	10
5.4	-10	12.12
5.4	10
5.45	-10	12.13
5.45	10
5.5	-10	12.14
5.5	10
5.55	-10	12.15
5.55	10
5.6	-10	12.16
5.6	10
5.65	-10	12.17
5.65	10
5.7	-10	12.18
5.7	10
5.75	-10	12.19
5.75	10
5.8	-10	12.2
5.8	10
5.85	-10	12.21
5.85	10
5.9	-10	12.22
5.9	10
5.95	-10	12.23
5.95	10
6	-10	12.24
6	10
6.05	-10	12.25
6.05	10
6.1	-10	12.26
6.1	10
6.15	-10	12.27
6.15	10
6.2	-10	12.28
6.2	10
6.25	-10	12.29
6.25	10
6.3	-10	12.3
6.3	10
6.35	-10	12.31
6.35	10
6.4	-10	12.32
6.4	10
6.45	-10	12.33
6.45	10
6.5	-10	12.34
6.5	10
6.55	-10	12.35
6.55	10
6.6	-10	12.36
6.6	10
6.65	-10	12.37
6.65	10
6.7	-10	12.38
6.7	10
6.75	-10	12.39
6.75	10
6.8	-10	12.4
6.8	10
6.85	-10	12.41
6.85	10
6.9	-10	12.42
6.9	10
6.95	-10	12.43
6.95	10
7	-10	12.44
7	10
7.05	-10	12.45
7.05	10
7.1	-10	12.46
7.1	10
7.15	-10	12.47
7.15	10
7.2	-10	12.48
7.2	10
7.25	-10	12.49
7.25	10
7.3	-10	12.5
7.3	10
7.35	-10	12.51
7.35	10
7.4	-10	12.52
7.4	10
7.45	-10	12.53
7.45	10
7.5	-10	12.54
7.5	10
7.55	-10	12.55
7.55	10
7.6	-10	12.56
7.6	10
7.65	-10	12.57
7.65	10
7.7	-10	12.58
7.7	10
7.75	-10	12.59
7.75	10
7.8	-10	12.6
7.8	10
7.85	-10	12.61
7.85	10
7.9	-10	12.62
7.9	10
7.95	-10	12.63
7.95	10
8	-10	12.64
8	10
8.05	-10	12.65
8.05	10
8.1	-10	12.66
8.1	10
8.15	-10	12.67
8.15	10
8.2	-10	12.68
8.2	10
8.25	-10	12.69
8.25	10
8.3	-10	12.7
8.3	10
8.35	-10	12.71
8.35	10
8.4	-10	12.72
8.4	10
8.45	-10	12.73
8.45	10
8.5	-10	12.74
8.5	10
8.55	-10	12.75
8.55	10
8.6	-10	12.76
8.6	10
8.65	-10	12.77
8.65	10
8.7	-10	12.78
8.7	10
8.75	-10	12.79
8.75	10
8.8	-10	12.8
8.8	10
8.85	-10	12.81
8.85	10
8.9	-10	12.82
8.9	10
8.95	-10	12.83
8.95	10
9	-10	12.84
9	10
9.05	-10	12.85
9.05	10
9.1	-10	12.86
9.1	10
9.15	-10	12.87
9.15	10
9.2	-10	12.88
9.2	10
9.25	-10	12.89
9.25	10
9.3	-10	12.9
9.3	10
9.35	-10	12.91
9.35	10
9.4	-10	12.92
9.4	10
9.45	-10	12.93
9.45	10
9.5	-10	12.94
9.5	10
9.55	-10	12.95
9.55	10
9.6	-10	12.96
9.6	10
9.65	-10	12.97
9.65	10
9.7	-10	12.98
9.7	10
9.75	-10	12.99
9.75	10
9.8	-10	13
9.8	10
9.85	-10	13.01
9.85	10
9.9	-10	13.02
9.9	10
9.95	-10	13.03
9.95	10
10	-10	13.04
10	10
9.95	-10	13.05
9.95	10
9.9	-10	13.06
9.9	10
9.85	-10	13.07
9.85	10
9.8	-10	13.08
9.8	10
9.75	-10	13.09
9.75	10
9.7	-10	13.1
9.7	10
9.65	-10	13.11
9.65	10
9.6	-10	13.12
9.6	10
9.55	-10	13.13
9.55	10
9.5	-10	13.14
9.5	10
9.45	-10	13.15
9.45	10
9.4	-10	13.16
9.4	10
9.35	-10	13.17
9.35	10
9.3	-10	13.18
9.3	10
9.25	-10	13.19
9.25	10
9.2	-10	13.2
9.2	10
9.15	-10	13.21
9.15	10
9.1	-10	13.22
9.1	10
9.05	-10	13.23
9.05	10
9	-10	13.24
9	10
8.95	-10	13.25
8.95	10
8.9	-10	13.26
8.9	10
8.85	-10	13.27
8.85	10
8.8	-10	13.28
8.8	10
8.75	-10	13.29
8.75	10
8.7	-10	13.3
8.7	10
8.65	-10	13.31
8.65	10
8.6	-10	13.32
8.6	10
8.55	-10	13.33
8.55	10
8.5	-10	13.34
8.5	10
8.45	-10	13.35
8.45	10
8.4	-10	13.36
8.4	10
8.35	-10	13.37
8.35	10
8.3	-10	13.38
8.3	10
8.25	-10	13.39
8.25	10
8.2	-10	13.4
8.2	10
8.15	-10	13.41
8.15	10
8.1	-10	13.42
8.1	10
8.05	-10	13.43
8.05	10
8	-10	13.44
8	10
7.95	-10	13.45
7.95	10
7.9	-10	13.46
7.9	10
7.85	-10	13.47
7.85	10
7.8	-10	13.48
7.8	10
7.75	-10	13.49
7.75	10
7.7	-10	13.5
7.7	10
7.65	-10	13.51
7.65	10
7.6	-10	13.52
7.6	10
7.55	-10	13.53
7.55	10
7.5	-10	13.54
7.5	10
7.45	-10	13.55
7.45	10
7.4	-10	13.56
7.4	10
7.35	-10	13.57
7.35	10
7.3	-10	13.58
7.3	10
7.25	-10	13.59
7.25	10
7.2	-10	13.6
7.2	10
7.15	-10	13.61
7.15	10
7.1	-10	13.62
7.1	10
7.05	-10	13.63
7.05	10
7	-10	13.64
7	10
6.95	-10	13.65
6.95	10
6.9	-10	13.66
6.9	10
6.85	-10	13.67
6.85	10
6.8	-10	13.68
6.8	10
6.75	-10	13.69
6.75	10
6.7	-10	13.7
6.7	10
6.65	-10	13.71
6.65	10
6.6	-10	13.72
6.6	10
6.55	-10	13.73
6.55	10
6.5	-10	13.74
6.5	10
6.45	-10	13.75
6.45	10
6.4	-10	13.76
6.4	10
6.35	-10	13.77
6.35	10
6.3	-10	13.78
6.3	10
6.25	-10	13.79
6.25	10
6.2	-10	13.8
6.2	10
6.15	-10	13.81
6.15	10
6.1	-10	13.82
6.1	10
6.05	-10	13.83
6.05	10
6	-10	13.84
6	10
5.95	-10	13.85
5.95	10
5.9	-10	13.86
5.9	10
5.85	-10	13.87
5.85	10
5.8	-10	13.88
5.8	10
5.75	-10	13.89
5.75	10
5.7	-10	13.9
5.7	10
5.65	-10	13.91
5.65	10
5.6	-10	13.92
5.6	10
5.55	-10	13.93
5.55	10
5.5	-10	13.94
5.5	10
5.45	-10	13.95
5.45	10
5.4	-10	13.96
5.4	10
5.35	-10	13.97
5.35	10
5.3	-10	13.98
5.3	10
5.25	-10	13.99
5.25	10
5.2	-10	14
5.2	10
5.15	-10	14.01
5.15	10
5.1	-10	14.02
5.1	10
5.05	-10	14.03
5.05	10
5	-10	14.04
5	10
4.95	-10	14.05
4.95	10
4.9	-10	14.06
4.9	10
4.85	-10	14.07
4.85	10
4.8	-10	14.08
4.8	10
4.75	-10	14.09
4.75	10
4.7	-10	14.1
4.7	10
4.65	-10	14.11
4.65	10
4.6	-10	14.12
4.6	10
4.55	-10	14.13
4.55	10
4.5	-10	14.14
4.5	10
4.45	-10	14.15
4.45	10
4.4	-10	14.16
4.4	10
4.35	-10	14.17
4.35	10
4.3	-10	14.18
4.3	10
4.25	-10	14.19
4.25	10
4.2	-10	14.2
4.2	10
4.15	-10	14.21
4.15	10
4.1	-10	14.22
4.1	10
4.05	-10	14.23
4.05	10
4	-10	14.24
4	10
3.95	-10	14.25
3.95	10
3.9	-10	14.26
3.9	10
3.85	-10	14.27
3.85	10
3.8	-10	14.28
3.8	10
3.75	-10	14.29
3.75	10
3.7	-10	14.3
3.7	10
3.65	-10	14.31
3.65	10
3.6	-10	14.32
3.6	10
3.55	-10	14.33
3.55	10
3.5	-10	14.34
3.5	10
3.45	-10	14.35
3.45	10
3.4	-10	14.36
3.4	10
3.35	-10	14.37
3.35	10
3.3	-10	14.38
3.3	10
3.25	-10	14.39
3.25	10
3.2	-10	14.4
3.2	10
3.15	-10	14.41
3.15	10
3.1	-10	14.42
3.1	10
3.05	-10	14.43
3.05	10
3	-10	14.44
3	10
2.95	-10	14.45
2.95	10
2.9	-10	14.46
2.9	10
2.85	-10	14.47
2.85	10
2.8	-10	14.48
2.8	10
2.75	-10	14.49
2.75	10
2.7	-10	14.5
2.7	10
2.65	-10	14.51
2.65	10
2.6	-10	14.52
2.6	10
2.55	-10	14.53
2.55	10
2.5	-10	14.54
2.5	10
2.45	-10	14.55
2.45	10
2.4	-10	14.56
2.4	10
2.35	-10	14.57
2.35	10
2.3	-10	14.58
2.3	10
2.25	-10	14.59
2.25	10
2.2	-10	14.6
2.2	10
2.15	-10	14.61
2.15	10
2.1	-10	14.62
2.1	10
2.05	-10	14.63
2.05	10
2	-10	14.64
2	10
1.95	-10	14.65
1.95	10
1.9	-10	14.66
1.9	10
1.85	-10	14.67
1.85	10
1.8	-10	14.68
1.8	10
1.75	-10	14.69
1.75	10
1.7	-10	14.7
1.7	10
1.65	-10	14.71
1.65	10
1.6	-10	14.72
1.6	10
1.55	-10	14.73
1.55	10
1.5	-10	14.74
1.5	10
1.45	-10	14.75
1.45	10
1.4	-10	14.76
1.4	10
1.35	-10	14.77
1.35	10
1.3	-10	14.78
1.3	10
1.25	-10	14.79
1.25	10
1.2	-10	14.8
1.2	10
1.15	-10	14.81
1.15	10
1.1	-10	14.82
1.1	10
1.05	-10	14.83
1.05	10
1	-10	14.84
1	10
0.95	-10	14.85
0.95	10
0.9	-10	14.86
0.9	10
0.85	-10	14.87
0.85	10
0.8	-10	14.88
0.8	10
0.75	-10	14.89
0.75	10
0.7	-10	14.9
0.7	10
0.65	-10	14.91
0.65	10
0.6	-10	14.92
0.6	10
0.55	-10	14.93
0.55	10
0.5	-10	14.94
0.5	10
0.45	-10	14.95
0.45	10
0.4	-10	14.96
0.4	10
0.35	-10	14.97
0.35	10
0.3	-10	14.98
0.3	10
0.25	-10	14.99
0.25	10
0.2	-10	15
0.2	10
0.15	-10	15.01
0.15	10
0.1	-10	15.02
0.1	10
0.05	-10	15.03
0.05	10
1.02852e-014	-10	15.04
1.02852e-014	10
-0.05	-10	15.05
-0.05	10
-0.1	-10	15.06
-0.1	10
-0.15	-10	15.07
-0.15	10
-0.2	-10	15.08
-0.2	10
-0.25	-10	15.09
-0.25	10
-0.3	-10	15.1
-0.3	10
-0.35	-10	15.11
-0.35	10
-0.4	-10	15.12
-0.4	10
-0.45	-10	15.13
-0.45	10
-0.5	-10	15.14
-0.5	10
-0.55	-10	15.15
-0.55	10
-0.6	-10	15.16
-0.6	10
-0.65	-10	15.17
-0.65	10
-0.7	-10	15.18
-0.7	10
-0.75	-10	15.19
-0.75	10
-0.8	-10	15.2
-0.8	10
-0.85	-10	15.21
-0.85	10
-0.9	-10	15.22
-0.9	10
-0.95	-10	15.23
-0.95	10
-1	-10	15.24
-1	10
-1.05	-10	15.25
-1.05	10
-1.1	-10	15.26
-1.1	10
-1.15	-10	15.27
-1.15	10
-1.2	-10	15.28
-1.2	10
-1.25	-10	15.29
-1.25	10
-1.3	-10	15.3
-1.3	10
-1.35	-10	15.31
-1.35	10
-1.4	-10	15.32
-1.4	10
-1.45	-10	15.33
-1.45	10
-1.5	-10	15.34
-1.5	10
-1.55	-10	15.35
-1.55	10
-1.6	-10	15.36
-1.6	10
-1.65	-10	15.37
-1.65	10
-1.7	-10	15.38
-1.7	10
-1.75	-10	15.39
-1.75	10
-1.8	-10	15.4
-1.8	10
-1.85	-10	15.41
-1.85	10
-1.9	-10	15.42
-1.9	10
-1.95	-10	15.43
-1.95	10
-2	-10	15.44
-2	10
-2.05	-10	15.45
-2.05	10
-2.1	-10	15.46
-2.1	10
-2.15	-10	15.47
-2.15	10
-2.2	-10	15.48
-2.2	10
-2.25	-10	15.49
-2.25	10
-2.3	-10	15.5
-2.3	10
-2.35	-10	15.51
-2.35	10
-2.4	-10	15.52
-2.4	10
-2.45	-10	15.53
-2.45	10
-2.5	-10	15.54
-2.5	10
-2.55	-10	15.55
-2.55	10
-2.6	-10	15.56
-2.6	10
-2.65	-10	15.57
-2.65	10
-2.7	-10	15.58
-2.7	10
-2.75	-10	15.59
-2.75	10
-2.8	-10	15.6
-2.8	10
-2.85	-10	15.61
-2.85	10
-2.9	-10	15.62
-2.9	10
-2.95	-10	15.63
-2.95	10
-3	-10	15.64
-3	10
-3.05	-10	15.65
-3.05	10
-3.1	-10	15.66
-3.1	10
-3.15	-10	15.67
-3.15	10
-3.2	-10	15.68
-3.2	10
-3.25	-10	15.69
-3.25	10
-3.3	-10	15.7
-3.3	10
-3.35	-10	15.71
-3.35	10
-3.4	-10	15.72
-3.4	10
-3.45	-10	15.73
-3.45	10
-3.5	-10	15.74
-3.5	10
-3.55	-10	15.75
-3.55	10
-3.6	-10	15.76
-3.6	10
-3.65	-10	15.77
-3.65	10
-3.7	-10	15.78
-3.7	10
-3.75	-10	15.79
-3.75	10
-3.8	-10	15.8
-3.8	10
-3.85	-10	15.81
-3.85	10
-3.9	-10	15.82
-3.9	10
-3.95	-10	15.83
-3.95	10
-4	-10	15.84
-4	10
-4.05	-10	15.85
-4.05	10
-4.1	-10	15.86
-4.1	10
-4.15	-10	15.87
-4.15	10
-4.2	-10	15.88
-4.2	10
-4.25	-10	15.89
-4.25	10
-4.3	-10	15.9
-4.3	10
-4.35	-10	15.91
-4.35	10
-4.4	-10	15.92
-4.4	10
-4.45	-10	15.93
-4.45	10
-4.5	-10	15.94
-4.5	10
-4.55	-10	15.95
-4.55	10
-4.6	-10	15.96
-4.6	10
-4.65	-10	15.97
-4.65	10
-4.7	-10	15.98
-4.7	10
-4.75	-10	15.99
-4.75	10
-4.8	-10	16
-4.8	10
-4.85	-10	16.01
-4.85	10
-4.9	-10	16.02
-4.9	10
-4.95	-10	16.03
-4.95	10
-5	-10	16.04
-5	10
-5.05	-10	16.05
-5.05	10
-5	-10	16.06
-5	10
-4.95	-10	16.07
-4.95	10
-4.9	-10	16.08
-4.9	10
-4.85	-10	16.09
-4.85	10
-4.8	-10	16.1
-4.8	10
-4.75	-10	16.11
-4.75	10
-4.7	-10	16.12
-4.7	10
-4.65	-10	16.13
-4.65	10
-4.6	-10	16.14
-4.6	10
-4.55	-10	16.15
-4.55	10
-4.5	-10	16.16
-4.5	10
-4.45	-10	16.17
-4.45	10
-4.4	-10	16.18
-4.4	10
-4.35	-10	16.19
-4.35	10
-4.3	-10	16.2
-4.3	10
-4.25	-10	16.21
-4.25	10
-4.2	-10	16.22
-4.2	10
-4.15	-10	16.23
-4.15	10
-4.1	-10	16.24
-4.1	10
-4.05	-10	16.25
-4.05	10
-4	-10	16.26
-4	10
-3.95	-10	16.27
-3.95	10
-3.9	-10	16.28
-3.9	10
-3.85	-10	16.29
-3.85	10
-3.8	-10	16.3
-3.8	10
-3.75	-10	16.31
-3.75	10
-3.7	-10	16.32
-3.7	10
-3.65	-10	16.33
-3.65	10
-3.6	-10	16.34
-3.6	10
-3.55	-10	16.35
-3.55	10
-3.5	-10	16.36
-3.5	10
-3.45	-10	16.37
-3.45	10
-3.4	-10	16.38
-3.4	10
-3.35	-10	16.39
-3.35	10
-3.3	-10	16.4
-3.3	10
-3.25	-10	16.41
-3.25	10
-3.2	-10	16.42
-3.2	10
-3.15	-10	16.43
-3.15	10
-3.1	-10	16.44
-3.1	10
-3.05	-10	16.45
-3.05	10
-3	-10	16.46
-3	10
-2.95	-10	16.47
-2.95	10
-2.9	-10	16.48
-2.9	10
-2.85	-10	16.49
-2.85	10
-2.8	-10	16.5
-2.8	10
-2.75	-10	16.51
-2.75	10
-2.7	-10	16.52
-2.7	10
-2.65	-10	16.53
-2.65	10
-2.6	-10	16.54
-2.6	10
-2.55	-10	16.55
-2.55	10
-2.5	-10	16.56
-2.5	10
-2.45	-10	16.57
-2.45	10
-2.4	-10	16.58
-2.4	10
-2.35	-10	16.59
-2.35	10
-2.3	-10	16.6
-2.3	10
-2.25	-10	16.61
-2.25	10
-2.2	-10	16.62
-2.2	10
-2.15	-10	16.63
-2.15	10
-2.1	-10	16.64
-2.1	10
-2.05	-10	16.65
-2.05	10
-2	-10	16.66
-2	10
-1.95	-10	16.67
-1.95	10
-1.9	-10	16.68
-1.9	10
-1.85	-10	16.69
-1.85	10
-1.8	-10	16.7
-1.8	10
-1.75	-10	16.71
-1.75	10
-1.7	-10	16.72
-1.7	10
-1.65	-10	16.73
-1.65	10
-1.6	-10	16.74
-1.6	10
-1.55	-10	16.75
-1.55	10
-1.5	-10	16.76
-1.5	10
-1.45	-10	16.77
-1.45	10
-1.4	-10	16.78
-1.4	10
-1.35	-10	16.79
-1.35	10
-1.3	-10	16.8
-1.3	10
-1.25	-10	16.81
-1.25	10
-1.2	-10	16.82
-1.2	10
-1.15	-10	16.83
-1.15	10
-1.1	-10	16.84
-1.1	10
-1.05	-10	16.85
-1.05	10
-1	-10	16.86
-1	10
-0.95	-10	16.87
-0.95	10
-0.9	-10	16.88
-0.9	10
-0.85	-10	16.89
-0.85	10
-0.8	-10	16.9
-0.8	10
-0.75	-10	16.91
-0.75	10
-0.7	-10	16.92
-0.7	10
-0.65	-10	16.93
-0.65	10
-0.6	-10	16.94
-0.6	10
-0.55	-10	16.95
-0.55	10
-0.5	-10	16.96
-0.5	10
-0.45	-10	16.97
-0.45	10
-0.4	-10	16.98
-0.4	10
-0.35	-10	16.99
-0.35	10
-0.3	-10	17
-0.3	10
-0.25	-10	17.01
-0.25	10
-0.2	-10	17.02
-0.2	10
-0.15	-10	17.03
-0.15	10
-0.1	-10	17.04
-0.1	10
-0.05	-10	17.05
-0.05	10
1.03095e-014	-10	17.06
1.03095e-014	10
0.05	-10	17.07
0.05	10
0.1	-10	17.08
0.1	10
0.15	-10	17.09
0.15	10
0.2	-10	17.1
0.2	10
0.25	-10	17.11
0.25	10
0.3	-10	17.12
0.3	10
0.35	-10	17.13
0.35	10
0.4	-10	17.14
0.4	10
0.45	-10	17.15
0.45	10
0.5	-10	17.16
0.5	10
0.55	-10	17.17
0.55	10
0.6	-10	17.18
0.6	10
0.65	-10	17.19
0.65	10
0.7	-10	17.2
0.7	10
0.75	-10	17.21
0.75	10
0.8	-10	17.22
0.8	10
0.85	-10	17.23
0.85	10
0.9	-10	17.24
0.9	10
0.95	-10	17.25
0.95	10
1	-10	17.26
1	10
1.05	-10	17.27
1.05	10
1.1	-10	17.28
1.1	10
1.15	-10	17.29
1.15	10
1.2	-10	17.3
1.2	10
1.25	-10	17.31
1.25	10
1.3	-10	17.32
1.3	10
1.35	-10	17.33
1.35	10
1.4	-10	17.34
1.4	10
1.45	-10	17.35
1.45	10
1.5	-10	17.36
1.5	10
1.55	-10	17.37
1.55	10
1.6	-10	17.38
1.6	10
1.65	-10	17.39
1.65	10
1.7	-10	17.4
1.7	10
1.75	-10	17.41
1.75	10
1.8	-10	17.42
1.8	10
1.85	-10	17.43
1.85	10
1.9	-10	17.44
1.9	10
1.95	-10	17.45
1.95	10
2	-10	17.46
2	10
2.05	-10	17.47
2.05	10
2.1	-10	17.48
2.1	10
2.15	-10	17.49
2.15	10
2.2	-10	17.5
2.2	10
2.25	-10	17.51
2.25	10
2.3	-10	17.52
2.3	10
2.35	-10	17.53
2.35	10
2.4	-10	17.54
2.4	10
2.45	-10	17.55
2.45	10
2.5	-10	17.56
2.5	10
2.55	-10	17.57
2.55	10
2.6	-10	17.58
2.6	10
2.65	-10	17.59
2.65	10
2.7	-10	17.6
2.7	10
2.75	-10	17.61
2.75	10
2.8	-10	17.62
2.8	10
2.85	-10	17.63
2.85	10
2.9	-10	17.64
2.9	10
2.95	-10	17.65
2.95	10
3	-10	17.66
3	10
3.05	-10	17.67
3.05	10
3.1	-10	17.68
3.1	10
3.15	-10	17.69
3.15	10
3.2	-10	17.7
3.2	10
3.25	-10	17.71
3.25	10
3.3	-10	17.72
3.3	10
3.35	-10	17.73
3.35	10
3.4	-10	17.74
3.4	10
3.45	-10	17.75
3.45	10
3.5	-10	17.76
3.5	10
3.55	-10	17.77
3.55	10
3.6	-10	17.78
3.6	10
3.65	-10	17.79
3.65	10
3.7	-10	17.8
3.7	10
3.75	-10	17.81
3.75	10
3.8	-10	17.82
3.8	10
3.85	-10	17.83
3.85	10
3.9	-10	17.84
3.9	10
3.95	-10	17.85
3.95	10
4	-10	17.86
4	10
4.05	-10	17.87
4.05	10
4.1	-10	17.88
4.1	10
4.15	-10	17.89
4.15	10
4.2	-10	17.9
4.2	10
4.25	-10	17.91
4.25	10
4.3	-10	17.92
4.3	10
4.35	-10	17.93
4.35	10
4.4	-10	17.94
4.4	10
4.45	-10	17.95
4.45	10
4.5	-10	17.96
4.5	10
4.55	-10	17.97
4.55	10
4.6	-10	17.98
4.6	10
4.65	-10	17.99
4.65	10
4.7	-10	18
4.7	10
4.75	-10	18.01
4.75	10
4.8	-10	18.02
4.8	10
4.85	-10	18.03
4.85	10
4.9	-10	18.04
4.9	10
4.95	-10	18.05
4.95	10
5	-10	18.06
5	10
5.05	-10	18.07
5.05	10
5.1	-10	18.08
5.1	10
5.15	-10	18.09
5.15	10
5.2	-10	18.1
5.2	10
5.25	-10	18.11
5.25	10
5.3	-10	18.12
5.3	10
5.35	-10	18.13
5.35	10
5.4	-10	18.14
5.4	10
5.45	-10	18.15
5.45	10
5.5	-10	18.16
5.5	10
5.55	-10	18.17
5.55	10
5.6	-10	18.18
5.6	10
5.65	-10	18.19
5.65	10
5.7	-10	18.2
5.7	10
5.75	-10	18.21
5.75	10
5.8	-10	18.22
5.8	10
5.85	-10	18.23
5.85	10
5.9	-10	18.24
5.9	10
5.95	-10	18.25
5.95	10
6	-10	18.26
6	10
6.05	-10	18.27
6.05	10
6.1	-10	18.28
6.1	10
6.15	-10	18.29
6.15	10
6.2	-10	18.3
6.2	10
6.25	-10	18.31
6.25	10
6.3	-10	18.32
6.3	10
6.35	-10	18.33
6.35	10
6.4	-10	18.34
6.4	10
6.45	-10	18.35
6.45	10
6.5	-10	18.36
6.5	10
6.55	-10	18.37
6.55	10
6.6	-10	18.38
6.6	10
6.65	-10	18.39
6.65	10
6.7	-10	18.4
6.7	10
6.75	-10	18.41
6.75	10
6.8	-10	18.42
6.8	10
6.85	-10	18.43
6.85	10
6.9	-10	18.44
6.9	10
6.95	-10	18.45
6.95	10
7	-10	18.46
7	10
7.05	-10	18.47
7.05	10
7.1	-10	18.48
7.1	10
7.15	-10	18.49
7.15	10
7.2	-10	18.5
7.2	10
7.25	-10	18.51
7.25	10
7.3	-10	18.52
7.3	10
7.35	-10	18.53
7.35	10
7.4	-10	18.54
7.4	10
7.45	-10	18.55
7.45	10
7.5	-10	18.56
7.5	10
7.55	-10	18.57
7.55	10
7.6	-10	18.58
7.6	10
7.65	-10	18.59
7.65	10
7.7	-10	18.6
7.7	10
7.75	-10	18.61
7.75	10
7.8	-10	18.62
7.8	10
7.85	-10	18.63
7.85	10
7.9	-10	18.64
7.9	10
7.95	-10	18.65
7.95	10
8	-10	18.66
8	10
8.05	-10	18.67
8.05	10
8.1	-10	18.68
8.1	10
8.15	-10	18.69
8.15	10
8.2	-10	18.7
8.2	10
8.25	-10	18.71
8.25	10
8.3	-10	18.72
8.3	10
8.35	-10	18.73
8.35	10
8.4	-10	18.74
8.4	10
8.45	-10	18.75
8.45	10
8.5	-10	18.76
8.5	10
8.55	-10	18.77
8.55	10
8.6	-10	18.78
8.6	10
8.65	-10	18.79
8.65	10
8.7	-10	18.8
8.7	10
8.75	-10	18.81
8.75	10
8.8	-10	18.82
8.8	10
8.85	-10	18.83
8.85	10
8.9	-10	18.84
8.9	10
8.95	-10	18.85
8.95	10
9	-10	18.86
9	10
9.05	-10	18.87
9.05	10
9.1	-10	18.88
9.1	10
9.15	-10	18.89
9.15	10
9.2	-10	18.9
9.2	10
9.25	-10	18.91
9.25	10
9.3	-10	18.92
9.3	10
9.35	-10	18.93
9.35	10
9.4	-10	18.94
9.4	10
9.45	-10	18.95
9.45	10
9.5	-10	18.96
9.5	10
9.55	-10	18.97
9.55	10
9.6	-10	18.98
9.6	10
9.65	-10	18.99
9.65	10
9.7	-10	19
9.7	10
9.75	-10	19.01
9.75	10
9.8	-10	19.02
9.8	10
9.85	-10	19.03
9.85	10
9.9	-10	19.04
9.9	10
9.95	-10	19.05
9.95	10
10	-10	19.06
10	10
9.95	-10	19.07
9.95	10
9.9	-10	19.08
9.9	10
9.85	-10	19.09
9.85	10
9.8	-10	19.1
9.8	10
9.75	-10	19.11
9.75	10
9.7	-10	19.12
9.7	10
9.65	-10	19.13
9.65	10
9.6	-10	19.14
9.6	10
9.55	-10	19.15
9.55	10
9.5	-10	19.16
9.5	10
9.45	-10	19.17
9.45	10
9.4	-10	19.18
9.4	10
9.35	-10	19.19
9.35	10
9.3	-10	19.2
9.3	10
9.25	-10	19.21
9.25	10
9.2	-10	19.22
9.2	10
9.15	-10	19.23
9.15	10
9.1	-10	19.24
9.1	10
9.05	-10	19.25
9.05	10
9	-10	19.26
9	10
8.95	-10	19.27
8.95	10
8.9	-10	19.28
8.9	10
8.85	-10	19.29
8.85	10
8.8	-10	19.3
8.8	10
8.75	-10	19.31
8.75	10
8.7	-10	19.32
8.7	10
8.65	-10	19.33
8.65	10
8.6	-10	19.34
8.6	10
8.55	-10	19.35
8.55	10
8.5	-10	19.36
8.5	10
8.45	-10	19.37
8.45	10
8.4	-10	19.38
8.4	10
8.35	-10	19.39
8.35	10
8.3	-10	19.4
8.3	10
8.25	-10	19.41
8.25	10
8.2	-10	19.42
8.2	10
8.15	-10	19.43
8.15	10
8.1	-10	19.44
8.1	10
8.05	-10	19.45
8.05	10
8	-10	19.46
8	10
7.95	-10	19.47
7.95	10
7.9	-10	19.48
7.9	10
7.85	-10	19.49
7.85	10
7.8	-10	19.5
7.8	10
7.75	-10	19.51
7.75	10
7.7	-10	19.52
7.7	10
7.65	-10	19.53
7.65	10
7.6	-10	19.54
7.6	10
7.55	-10	19.55
7.55	10
7.5	-10	19.56
7.5	10
7.45	-10	19.57
7.45	10
7.4	-10	19.58
7.4	10
7.35	-10	19.59
7.35	10
7.3	-10	19.6
7.3	10
7.25	-10	19.61
7.25	10
7.2	-10	19.62
7.2	10
7.15	-10	19.63
7.15	10
7.1	-10	19.64
7.1	10
7.05	-10	19.65
7.05	10
7	-10	19.66
7	10
6.95	-10	19.67
6.95	10
6.9	-10	19.68
6.9	10
6.85	-10	19.69
6.85	10
6.8	-10	19.7
6.8	10
6.75	-10	19.71
6.75	10
6.7	-10	19.72
6.7	10
6.65	-10	19.73
6.65	10
6.6	-10	19.74
6.6	10
6.55	-10	19.75
6.55	10
6.5	-10	19.76
6.5	10
6.45	-10	19.77
6.45	10
6.4	-10	19.78
6.4	10
6.35	-10	19.79
6.35	10
6.3	-10	19.8
6.3	10
6.25	-10	19.81
6.25	10
6.2	-10	19.82
6.2	10
6.15	-10	19.83
6.15	10
6.1	-10	19.84
6.1	10
6.05	-10	19.85
6.05	10
6	-10	19.86
6	10
5.95	-10	19.87
5.95	10
5.9	-10	19.88
5.9	10
5.85	-10	19.89
5.85	10
5.8	-10	19.9
5.8	10
5.75	-10	19.91
5.75	10
5.7	-10	19.92
5.7	10
5.65	-10	19.93
5.65	10
5.6	-10	19.94
5.6	10
5.55	-10	19.95
5.55	10
5.5	-10	19.96
5.5	10
5.45	-10	19.97
5.45	10
5.4	-10	19.98
5.4	10
5.35	-10	19.99
5.35	10
