Location1	0.0105896	0.447723	1	1	4
Location1	0.688232	0.335358	2	3	2.66667
Location1	0.776764	0.0281067	3	6	2
Location1	0.820923	0.144623	4	8	2
Location1	0.512817	0.114319	5	9	2.22222
Location1	0.519165	0.193817	6	10	2.4
Location1	0.451141	0.489075	7	11	2.54545
Location1	0.484039	0.057251	8	12	2.66667
Location1	0.510406	0.590973	9	13	2.76923
Location1	0.653687	0.178833	10	14	2.85714
Location1	0.0840759	0.564331	11	15	2.93333
Location1	0.121063	0.202057	12	16	3
Location1	0.801086	0.0935974	13	18	2.88889
Location1	0.308228	0.108887	14	21	2.66667
Location1	0.186279	0.861053	15	22	2.72727
Location1	0.58017	0.29953	16	23	2.78261
Location1	0.0714722	0.0188904	17	25	2.72
Location1	0.704681	0.0176086	18	26	2.76923
Location1	0.773987	0.311188	19	28	2.71429
Location1	0.613647	0.638824	20	30	2.66667
Location1	0.00387573	0.691284	21	33	2.54545
Location1	0.848846	0.390289	22	34	2.58824
Location1	0.20343	0.511719	23	35	2.62857
Location1	0.663483	0.518799	24	36	2.66667
Location1	0.706024	0.0755615	25	42	2.38095
Location1	0.00985718	0.607208	26	43	2.4186
Location1	0.528229	0.385162	27	44	2.45455
Location1	0.176483	0.54953	28	45	2.48889
Location1	0.188782	0.497375	29	46	2.52174
Location1	0.888214	0.279205	30	47	2.55319
Location1	0.376068	0.894653	31	48	2.58333
Location1	0.555511	0.490875	32	49	2.61224
Location1	0.727203	0.00183105	33	50	2.64
Location1	0.394592	0.563873	34	51	2.66667
Location1	0.520813	0.233704	35	52	2.69231
Location1	0.90979	0.239471	36	53	2.71698
Location1	0.269775	0.341125	37	54	2.74074
Location1	0.245789	0.962585	38	56	2.71429
Location1	0.328094	0.220459	39	57	2.73684
Location1	0.466797	0.786926	40	58	2.75862
Location1	0.660431	0.00466919	41	59	2.77966
Location1	0.178619	0.23349	42	60	2.8
Location1	0.248383	0.43631	43	61	2.81967
Location1	0.361816	0.056427	44	62	2.83871
Location1	0.242188	0.326813	45	63	2.85714
Location1	0.295288	0.778809	46	64	2.875
Location1	0.493073	0.361206	47	65	2.89231
Location1	0.707855	0.363068	48	66	2.90909
Location1	0.166779	0.38266	49	67	2.92537
Location1	0.548859	0.024353	50	68	2.94118
Location1	0.123474	0.32782	51	72	2.83333
Location1	0.586853	0.602081	52	74	2.81081
Location1	0.454681	0.605957	53	75	2.82667
Location1	0.313354	0.341797	54	76	2.84211
Location1	0.401703	0.494781	55	77	2.85714
Location1	0.262329	0.0731812	56	79	2.83544
Location1	0.0265198	0.502319	57	80	2.85
Location1	0.0863342	0.74292	58	81	2.8642
Location1	0.371826	0.66272	59	83	2.84337
Location1	0.953796	0.206848	60	85	2.82353
Location1	0.350647	0.305511	61	86	2.83721
Location1	0.496643	0.613159	62	87	2.85057
Location1	0.122864	0.728333	63	88	2.86364
Location1	0.322296	0.00271606	64	90	2.84444
Location1	0.19751	0.246246	65	91	2.85714
Location1	0.676758	0.726898	66	92	2.86957
Location1	0.835907	0.376617	67	93	2.88172
Location1	0.713348	0.640503	68	94	2.89362
Location1	0.105133	0.298767	69	95	2.90526
Location1	0.47821	0.589905	70	96	2.91667
Location1	0.0113525	0.85791	71	97	2.92784
Location1	0.34433	0.230103	72	98	2.93878
Location1	0.767761	0.379852	73	99	2.94949
Location1	0.386444	0.0201111	74	101	2.93069
Location1	0.717896	0.361023	75	102	2.94118
Location1	0.123932	0.552734	76	103	2.95146
Location1	0.23053	0.454407	77	104	2.96154
Location1	0.0612183	0.754639	78	105	2.97143
Location1	0.58548	0.501801	79	106	2.98113
Location1	0.600128	0.0419617	80	107	2.99065
Location1	0.169525	0.93692	81	108	3
Location1	0.156738	0.514648	82	109	3.00917
Location1	0.138458	0.425751	83	110	3.01818
Location1	0.833374	0.0653992	84	111	3.02703
Location1	0.715057	0.0974121	85	112	3.03571
Location1	0.350372	0.709412	86	113	3.04425
Location1	0.0188904	0.791138	87	115	3.02609
Location1	0.101044	0.0193787	88	116	3.03448
Location1	0.0359192	0.223938	89	117	3.04274
Location1	0.882843	0.419678	90	119	3.02521
Location1	0.589294	0.327606	91	120	3.03333
Location1	0.108795	0.0634766	92	121	3.04132
Location1	0.279938	0.390869	93	123	3.02439
Location1	0.84848	0.0512085	94	124	3.03226
Location1	0.376129	0.122986	95	125	3.04
Location1	0.654602	0.432037	96	126	3.04762
Location1	0.415985	0.716034	97	127	3.05512
Location1	0.591919	0.0818176	98	129	3.03876
Location1	0.0570374	0.0948792	99	130	3.04615
Location1	0.695801	0.434875	100	131	3.05344
Location1	0.0370178	0.937805	101	132	3.06061
Location1	0.117279	0.423126	102	133	3.06767
Location1	0.00366211	0.17569	103	134	3.07463
Location1	0.195526	0.197601	104	135	3.08148
Location1	0.49823	0.700714	105	136	3.08824
Location1	0.205505	0.578369	106	137	3.09489
Location1	0.625671	0.0032959	107	138	3.10145
Location1	0.912292	0.196991	108	141	3.06383
Location1	0.525696	0.117645	109	142	3.07042
Location1	0.584229	0.252106	110	144	3.05556
Location1	0.630768	0.540802	111	145	3.06207
Location1	0.275238	0.130707	112	147	3.04762
Location1	0.537506	0.000610352	113	148	3.05405
Location1	0.251862	0.00360107	114	149	3.0604
Location1	0.450012	0.851288	115	150	3.06667
Location1	0.39032	0.151459	116	151	3.07285
Location1	0.412628	0.457733	117	152	3.07895
Location1	0.508667	0.187805	118	154	3.06494
Location1	0.472137	0.745239	119	155	3.07097
Location1	0.589691	0.513275	120	157	3.05732
Location1	0.551727	0.447784	121	159	3.04403
Location1	0.127228	0.667389	122	160	3.05
Location1	0.767975	0.433289	123	161	3.0559
Location1	0.644867	0.560944	124	162	3.06173
Location1	0.14035	0.979431	125	163	3.06748
Location1	0.549988	0.615234	126	164	3.07317
Location1	0.467285	0.13266	127	165	3.07879
Location1	0.944092	0.0139771	128	168	3.04762
Location1	0.344238	0.832886	129	169	3.05325
Location1	0.131317	0.835022	130	170	3.05882
Location1	0.639069	0.6297	131	173	3.0289
Location1	0.669586	0.516022	132	174	3.03448
Location1	0.574066	0.621155	133	175	3.04
Location1	0.276642	0.0387268	134	176	3.04545
Location1	0.0751648	0.969757	135	178	3.03371
Location1	0.580353	0.363129	136	179	3.03911
Location1	0.178284	0.720398	137	180	3.04444
Location1	0.197357	0.758728	138	181	3.04972
Location1	0.270996	0.0526733	139	183	3.03825
Location1	0.860443	0.315979	140	184	3.04348
Location1	0.687195	0.614136	141	186	3.03226
Location1	0.838531	0.115967	142	187	3.03743
Location1	0.0328674	0.731506	143	188	3.04255
Location1	0.751495	0.301544	144	190	3.03158
Location1	0.389282	0.863098	145	191	3.03665
Location1	0.878448	0.0782776	146	192	3.04167
Location1	0.572754	0.812714	147	193	3.04663
Location1	0.406616	0.73175	148	194	3.05155
Location1	0.282166	0.611603	149	197	3.02538
Location1	0.951172	0.106567	150	198	3.0303
Location1	0.144867	0.936096	151	199	3.03518
Location1	0.0857544	0.841461	152	200	3.04
