# c:\users\echam\documents\c++\RandDemo6.exe N=200 seed=1234321
Location0	0.968445	0.708221	1	2	2
Location0	0.577179	0.967621	2	4	2
Location0	0.952026	0.521332	2	5	1.6
Location0	0.998016	0.0859375	3	7	1.71429
Location0	0.97467	0.302948	12	17	2.82353
Location0	0.647736	0.812927	13	19	2.73684
Location0	0.966858	0.659668	13	20	2.6
Location0	0.69046	0.83316	16	24	2.66667
Location0	0.604218	0.859558	18	27	2.66667
Location0	0.392822	0.964111	19	29	2.62069
Location0	0.950165	0.431061	20	31	2.58065
Location0	0.516632	0.856445	20	32	2.5
Location0	0.899536	0.782104	24	37	2.59459
Location0	0.96579	0.703247	24	38	2.52632
Location0	0.77713	0.741028	24	39	2.46154
Location0	0.659454	0.873627	24	40	2.4
Location0	0.623077	0.798004	24	41	2.34146
Location0	0.479736	0.987854	37	55	2.69091
Location0	0.929108	0.960724	50	69	2.89855
Location0	0.909058	0.592224	50	70	2.85714
Location0	0.485107	0.89859	50	71	2.8169
Location0	0.753143	0.836334	51	73	2.79452
Location0	0.771606	0.649323	55	78	2.82051
Location0	0.718842	0.940063	58	82	2.82927
Location0	0.913849	0.641998	59	84	2.80952
Location0	0.871124	0.976868	63	89	2.83146
Location0	0.938324	0.36911	73	100	2.92
Location0	0.824829	0.76178	86	114	3.01754
Location0	0.790283	0.670227	89	118	3.01695
Location0	0.944977	0.643494	92	122	3.01639
Location0	0.958008	0.612	97	128	3.03125
Location0	0.76062	0.971893	107	139	3.07914
Location0	0.926758	0.680328	107	140	3.05714
Location0	0.728302	0.875	109	143	3.04895
Location0	0.593994	0.820496	111	146	3.0411
Location0	0.94928	0.755646	117	153	3.05882
Location0	0.773804	0.966156	119	156	3.05128
Location0	0.671875	0.972046	120	158	3.03797
Location0	0.877625	0.702179	127	166	3.06024
Location0	0.701843	0.827362	127	167	3.04192
Location0	0.75061	0.952362	130	171	3.04094
Location0	0.915192	0.581757	130	172	3.02326
Location0	0.710785	0.887451	134	177	3.02825
Location0	0.691101	0.76474	138	182	3.03297
Location0	0.800781	0.828857	140	185	3.02703
Location0	0.697357	0.885376	143	189	3.02646
Location0	0.790863	0.94516	148	195	3.0359
Location0	0.682343	0.786102	148	196	3.02041
