# c:\users\echam\documents\c++\RandDemo6.exe N=2000 seed=1234321
Location1	0.0105896	0.447723	1	1	4
Location0	0.968445	0.708221	1	2	2
Location1	0.688232	0.335358	2	3	2.66667
Location0	0.577179	0.967621	2	4	2
Location0	0.952026	0.521332	2	5	1.6
Location1	0.776764	0.0281067	3	6	2
Location0	0.998016	0.0859375	3	7	1.71429
Location1	0.820923	0.144623	4	8	2
Location1	0.512817	0.114319	5	9	2.22222
Location1	0.519165	0.193817	6	10	2.4
Location1	0.451141	0.489075	7	11	2.54545
Location1	0.484039	0.057251	8	12	2.66667
Location1	0.510406	0.590973	9	13	2.76923
Location1	0.653687	0.178833	10	14	2.85714
Location1	0.0840759	0.564331	11	15	2.93333
Location1	0.121063	0.202057	12	16	3
Location0	0.97467	0.302948	12	17	2.82353
Location1	0.801086	0.0935974	13	18	2.88889
Location0	0.647736	0.812927	13	19	2.73684
Location0	0.966858	0.659668	13	20	2.6
Location1	0.308228	0.108887	14	21	2.66667
Location1	0.186279	0.861053	15	22	2.72727
Location1	0.58017	0.29953	16	23	2.78261
Location0	0.69046	0.83316	16	24	2.66667
Location1	0.0714722	0.0188904	17	25	2.72
Location1	0.704681	0.0176086	18	26	2.76923
Location0	0.604218	0.859558	18	27	2.66667
Location1	0.773987	0.311188	19	28	2.71429
Location0	0.392822	0.964111	19	29	2.62069
Location1	0.613647	0.638824	20	30	2.66667
Location0	0.950165	0.431061	20	31	2.58065
Location0	0.516632	0.856445	20	32	2.5
Location1	0.00387573	0.691284	21	33	2.54545
Location1	0.848846	0.390289	22	34	2.58824
Location1	0.20343	0.511719	23	35	2.62857
Location1	0.663483	0.518799	24	36	2.66667
Location0	0.899536	0.782104	24	37	2.59459
Location0	0.96579	0.703247	24	38	2.52632
Location0	0.77713	0.741028	24	39	2.46154
Location0	0.659454	0.873627	24	40	2.4
Location0	0.623077	0.798004	24	41	2.34146
Location1	0.706024	0.0755615	25	42	2.38095
Location1	0.00985718	0.607208	26	43	2.4186
Location1	0.528229	0.385162	27	44	2.45455
Location1	0.176483	0.54953	28	45	2.48889
Location1	0.188782	0.497375	29	46	2.52174
Location1	0.888214	0.279205	30	47	2.55319
Location1	0.376068	0.894653	31	48	2.58333
Location1	0.555511	0.490875	32	49	2.61224
Location1	0.727203	0.00183105	33	50	2.64
Location1	0.394592	0.563873	34	51	2.66667
Location1	0.520813	0.233704	35	52	2.69231
Location1	0.90979	0.239471	36	53	2.71698
Location1	0.269775	0.341125	37	54	2.74074
Location0	0.479736	0.987854	37	55	2.69091
Location1	0.245789	0.962585	38	56	2.71429
Location1	0.328094	0.220459	39	57	2.73684
Location1	0.466797	0.786926	40	58	2.75862
Location1	0.660431	0.00466919	41	59	2.77966
Location1	0.178619	0.23349	42	60	2.8
Location1	0.248383	0.43631	43	61	2.81967
Location1	0.361816	0.056427	44	62	2.83871
Location1	0.242188	0.326813	45	63	2.85714
Location1	0.295288	0.778809	46	64	2.875
Location1	0.493073	0.361206	47	65	2.89231
Location1	0.707855	0.363068	48	66	2.90909
Location1	0.166779	0.38266	49	67	2.92537
Location1	0.548859	0.024353	50	68	2.94118
Location0	0.929108	0.960724	50	69	2.89855
Location0	0.909058	0.592224	50	70	2.85714
Location0	0.485107	0.89859	50	71	2.8169
Location1	0.123474	0.32782	51	72	2.83333
Location0	0.753143	0.836334	51	73	2.79452
Location1	0.586853	0.602081	52	74	2.81081
Location1	0.454681	0.605957	53	75	2.82667
Location1	0.313354	0.341797	54	76	2.84211
Location1	0.401703	0.494781	55	77	2.85714
Location0	0.771606	0.649323	55	78	2.82051
Location1	0.262329	0.0731812	56	79	2.83544
Location1	0.0265198	0.502319	57	80	2.85
Location1	0.0863342	0.74292	58	81	2.8642
Location0	0.718842	0.940063	58	82	2.82927
Location1	0.371826	0.66272	59	83	2.84337
Location0	0.913849	0.641998	59	84	2.80952
Location1	0.953796	0.206848	60	85	2.82353
Location1	0.350647	0.305511	61	86	2.83721
Location1	0.496643	0.613159	62	87	2.85057
Location1	0.122864	0.728333	63	88	2.86364
Location0	0.871124	0.976868	63	89	2.83146
Location1	0.322296	0.00271606	64	90	2.84444
Location1	0.19751	0.246246	65	91	2.85714
Location1	0.676758	0.726898	66	92	2.86957
Location1	0.835907	0.376617	67	93	2.88172
Location1	0.713348	0.640503	68	94	2.89362
Location1	0.105133	0.298767	69	95	2.90526
Location1	0.47821	0.589905	70	96	2.91667
Location1	0.0113525	0.85791	71	97	2.92784
Location1	0.34433	0.230103	72	98	2.93878
Location1	0.767761	0.379852	73	99	2.94949
Location0	0.938324	0.36911	73	100	2.92
Location1	0.386444	0.0201111	74	101	2.93069
Location1	0.717896	0.361023	75	102	2.94118
Location1	0.123932	0.552734	76	103	2.95146
Location1	0.23053	0.454407	77	104	2.96154
Location1	0.0612183	0.754639	78	105	2.97143
Location1	0.58548	0.501801	79	106	2.98113
Location1	0.600128	0.0419617	80	107	2.99065
Location1	0.169525	0.93692	81	108	3
Location1	0.156738	0.514648	82	109	3.00917
Location1	0.138458	0.425751	83	110	3.01818
Location1	0.833374	0.0653992	84	111	3.02703
Location1	0.715057	0.0974121	85	112	3.03571
Location1	0.350372	0.709412	86	113	3.04425
Location0	0.824829	0.76178	86	114	3.01754
Location1	0.0188904	0.791138	87	115	3.02609
Location1	0.101044	0.0193787	88	116	3.03448
Location1	0.0359192	0.223938	89	117	3.04274
Location0	0.790283	0.670227	89	118	3.01695
Location1	0.882843	0.419678	90	119	3.02521
Location1	0.589294	0.327606	91	120	3.03333
Location1	0.108795	0.0634766	92	121	3.04132
Location0	0.944977	0.643494	92	122	3.01639
Location1	0.279938	0.390869	93	123	3.02439
Location1	0.84848	0.0512085	94	124	3.03226
Location1	0.376129	0.122986	95	125	3.04
Location1	0.654602	0.432037	96	126	3.04762
Location1	0.415985	0.716034	97	127	3.05512
Location0	0.958008	0.612	97	128	3.03125
Location1	0.591919	0.0818176	98	129	3.03876
Location1	0.0570374	0.0948792	99	130	3.04615
Location1	0.695801	0.434875	100	131	3.05344
Location1	0.0370178	0.937805	101	132	3.06061
Location1	0.117279	0.423126	102	133	3.06767
Location1	0.00366211	0.17569	103	134	3.07463
Location1	0.195526	0.197601	104	135	3.08148
Location1	0.49823	0.700714	105	136	3.08824
Location1	0.205505	0.578369	106	137	3.09489
Location1	0.625671	0.0032959	107	138	3.10145
Location0	0.76062	0.971893	107	139	3.07914
Location0	0.926758	0.680328	107	140	3.05714
Location1	0.912292	0.196991	108	141	3.06383
Location1	0.525696	0.117645	109	142	3.07042
Location0	0.728302	0.875	109	143	3.04895
Location1	0.584229	0.252106	110	144	3.05556
Location1	0.630768	0.540802	111	145	3.06207
Location0	0.593994	0.820496	111	146	3.0411
Location1	0.275238	0.130707	112	147	3.04762
Location1	0.537506	0.000610352	113	148	3.05405
Location1	0.251862	0.00360107	114	149	3.0604
Location1	0.450012	0.851288	115	150	3.06667
Location1	0.39032	0.151459	116	151	3.07285
Location1	0.412628	0.457733	117	152	3.07895
Location0	0.94928	0.755646	117	153	3.05882
Location1	0.508667	0.187805	118	154	3.06494
Location1	0.472137	0.745239	119	155	3.07097
Location0	0.773804	0.966156	119	156	3.05128
Location1	0.589691	0.513275	120	157	3.05732
Location0	0.671875	0.972046	120	158	3.03797
Location1	0.551727	0.447784	121	159	3.04403
Location1	0.127228	0.667389	122	160	3.05
Location1	0.767975	0.433289	123	161	3.0559
Location1	0.644867	0.560944	124	162	3.06173
Location1	0.14035	0.979431	125	163	3.06748
Location1	0.549988	0.615234	126	164	3.07317
Location1	0.467285	0.13266	127	165	3.07879
Location0	0.877625	0.702179	127	166	3.06024
Location0	0.701843	0.827362	127	167	3.04192
Location1	0.944092	0.0139771	128	168	3.04762
Location1	0.344238	0.832886	129	169	3.05325
Location1	0.131317	0.835022	130	170	3.05882
Location0	0.75061	0.952362	130	171	3.04094
Location0	0.915192	0.581757	130	172	3.02326
Location1	0.639069	0.6297	131	173	3.0289
Location1	0.669586	0.516022	132	174	3.03448
Location1	0.574066	0.621155	133	175	3.04
Location1	0.276642	0.0387268	134	176	3.04545
Location0	0.710785	0.887451	134	177	3.02825
Location1	0.0751648	0.969757	135	178	3.03371
Location1	0.580353	0.363129	136	179	3.03911
Location1	0.178284	0.720398	137	180	3.04444
Location1	0.197357	0.758728	138	181	3.04972
Location0	0.691101	0.76474	138	182	3.03297
Location1	0.270996	0.0526733	139	183	3.03825
Location1	0.860443	0.315979	140	184	3.04348
Location0	0.800781	0.828857	140	185	3.02703
Location1	0.687195	0.614136	141	186	3.03226
Location1	0.838531	0.115967	142	187	3.03743
Location1	0.0328674	0.731506	143	188	3.04255
Location0	0.697357	0.885376	143	189	3.02646
Location1	0.751495	0.301544	144	190	3.03158
Location1	0.389282	0.863098	145	191	3.03665
Location1	0.878448	0.0782776	146	192	3.04167
Location1	0.572754	0.812714	147	193	3.04663
Location1	0.406616	0.73175	148	194	3.05155
Location0	0.790863	0.94516	148	195	3.0359
Location0	0.682343	0.786102	148	196	3.02041
Location1	0.282166	0.611603	149	197	3.02538
Location1	0.951172	0.106567	150	198	3.0303
Location1	0.144867	0.936096	151	199	3.03518
Location1	0.0857544	0.841461	152	200	3.04
Location1	0.13559	0.543579	153	201	3.04478
Location1	0.0262146	0.225586	154	202	3.0495
Location1	0.884583	0.0400085	155	203	3.05419
Location1	0.964905	0.15097	156	204	3.05882
Location1	0.8078	0.400665	157	205	3.06341
Location0	0.806519	0.911896	157	206	3.04854
Location0	0.49765	0.922943	157	207	3.03382
Location1	0.934845	0.0295105	158	208	3.03846
Location0	0.873627	0.89978	158	209	3.02392
Location1	0.8172	0.563019	159	210	3.02857
Location0	0.873657	0.670044	159	211	3.01422
Location1	0.478455	0.813568	160	212	3.01887
Location1	0.968079	0.20224	161	213	3.02347
Location1	0.374939	0.826569	162	214	3.02804
Location1	0.276825	0.867493	163	215	3.03256
Location1	0.700348	0.599548	164	216	3.03704
Location1	0.571533	0.558411	165	217	3.04147
Location1	0.654419	0.401001	166	218	3.04587
Location0	0.943665	0.809723	166	219	3.03196
Location1	0.705719	0.107025	167	220	3.03636
Location1	0.4198	0.0772095	168	221	3.04072
Location0	0.379822	0.961578	168	222	3.02703
Location1	0.305634	0.831177	169	223	3.03139
Location1	0.604248	0.667023	170	224	3.03571
Location1	0.539429	0.620514	171	225	3.04
Location1	0.141144	0.210876	172	226	3.04425
Location0	0.836792	0.763641	172	227	3.03084
Location1	0.13913	0.335236	173	228	3.03509
Location0	0.907654	0.822876	173	229	3.02183
Location1	0.335632	0.0548401	174	230	3.02609
Location1	0.526489	0.518005	175	231	3.0303
Location1	0.940765	0.130463	176	232	3.03448
Location1	0.737762	0.23587	177	233	3.03863
Location0	0.734192	0.903412	177	234	3.02564
Location0	0.976959	0.791504	177	235	3.01277
Location1	0.405914	0.397766	178	236	3.01695
Location1	0.38913	0.597809	179	237	3.0211
Location1	0.672791	0.0963135	180	238	3.02521
Location1	0.125977	0.899567	181	239	3.02929
Location1	0.201385	0.296722	182	240	3.03333
Location1	0.902435	0.228119	183	241	3.03734
Location1	0.868896	0.453857	184	242	3.04132
Location1	0.594604	0.733032	185	243	3.04527
Location1	0.393097	0.414856	186	244	3.04918
Location1	0.159729	0.546967	187	245	3.05306
Location0	0.862823	0.952789	187	246	3.04065
Location0	0.65976	0.840027	187	247	3.02834
Location1	0.19989	0.505768	188	248	3.03226
Location1	0.669708	0.719757	189	249	3.03614
Location1	0.084137	0.526947	190	250	3.04
Location0	0.851898	0.633087	190	251	3.02789
Location1	0.372437	0.352509	191	252	3.03175
Location0	0.977753	0.426605	191	253	3.01976
Location0	0.543152	0.993103	191	254	3.00787
Location1	0.177673	0.72113	192	255	3.01176
Location1	0.197235	0.755798	193	256	3.01562
Location0	0.701202	0.75705	193	257	3.00389
Location1	0.147217	0.101807	194	258	3.00775
Location0	0.967621	0.366577	194	259	2.99614
Location1	0.125427	0.647369	195	260	3
Location1	0.189423	0.229309	196	261	3.00383
Location1	0.642273	0.713043	197	262	3.00763
Location1	0.348724	0.0671997	198	263	3.01141
Location1	0.0267334	0.328217	199	264	3.01515
Location0	0.80896	0.93512	199	265	3.00377
Location1	0.179077	0.0970764	200	266	3.00752
Location1	0.342194	0.263458	201	267	3.01124
Location1	0.0683594	0.831848	202	268	3.01493
Location0	0.853821	0.80899	202	269	3.00372
Location1	0.504761	0.36026	203	270	3.00741
Location1	0.585999	0.170166	204	271	3.01107
Location1	0.218933	0.412628	205	272	3.01471
Location1	0.0804749	0.0229187	206	273	3.01832
Location0	0.779083	0.995758	206	274	3.0073
Location0	0.682648	0.733795	206	275	2.99636
Location1	0.377319	0.159027	207	276	3
Location0	0.868011	0.505859	207	277	2.98917
Location1	0.0160828	0.559448	208	278	2.99281
Location1	0.171783	0.714447	209	279	2.99642
Location1	0.126648	0.731873	210	280	3
Location1	0.00350952	0.588257	211	281	3.00356
Location1	0.150177	0.470459	212	282	3.00709
Location1	0.127747	0.892761	213	283	3.0106
Location1	0.113098	0.227661	214	284	3.01408
Location1	0.0918579	0.771515	215	285	3.01754
Location0	0.727814	0.937195	215	286	3.00699
Location1	0.382416	0.40213	216	287	3.01045
Location1	0.0499268	0.166901	217	288	3.01389
Location1	0.591278	0.622711	218	289	3.0173
Location1	0.223724	0.00805664	219	290	3.02069
Location1	0.372772	0.185577	220	291	3.02405
Location1	0.346313	0.607269	221	292	3.0274
Location1	0.473175	0.793854	222	293	3.03072
Location0	0.982483	0.747131	222	294	3.02041
Location1	0.613495	0.57785	223	295	3.02373
Location1	0.361176	0.381989	224	296	3.02703
Location1	0.507416	0.166718	225	297	3.0303
Location1	0.784729	0.535034	226	298	3.03356
Location1	0.794739	0.0125122	227	299	3.03679
Location1	0.282288	0.463043	228	300	3.04
Location1	0.172577	0.122101	229	301	3.04319
Location1	0.0386963	0.494751	230	302	3.04636
Location1	0.5047	0.853821	231	303	3.0495
Location1	0.629974	0.449524	232	304	3.05263
Location1	0.190918	0.93454	233	305	3.05574
Location1	0.596619	0.0422668	234	306	3.05882
Location1	0.577271	0.353943	235	307	3.06189
Location1	0.386169	0.180847	236	308	3.06494
Location1	0.68866	0.291809	237	309	3.06796
Location1	0.196045	0.5625	238	310	3.07097
Location1	0.0647888	0.734833	239	311	3.07395
Location1	0.748199	0.475128	240	312	3.07692
Location0	0.98114	0.939301	240	313	3.06709
Location1	0.526367	0.210052	241	314	3.07006
Location1	0.835632	0.395355	242	315	3.07302
Location0	0.507812	0.99231	242	316	3.06329
Location0	0.98288	0.449829	242	317	3.05363
Location0	0.920135	0.834869	242	318	3.04403
Location1	0.796783	0.243256	243	319	3.04702
Location1	0.0549927	0.222626	244	320	3.05
Location1	0.242889	0.117889	245	321	3.05296
Location1	0.669464	0.0331726	246	322	3.0559
Location1	0.741699	0.152283	247	323	3.05882
Location1	0.00686646	0.599731	248	324	3.06173
Location0	0.604614	0.979401	248	325	3.05231
Location0	0.96756	0.323181	248	326	3.04294
Location1	0.822784	0.544067	249	327	3.04587
Location1	0.461731	0.739044	250	328	3.04878
Location0	0.491302	0.956055	250	329	3.03951
Location1	0.474945	0.445892	251	330	3.04242
Location1	0.649078	0.0953064	252	331	3.04532
Location0	0.877777	0.801086	252	332	3.03614
Location1	0.81604	0.125031	253	333	3.03904
Location1	0.510986	0.790802	254	334	3.04192
Location1	0.00897217	0.569733	255	335	3.04478
Location0	0.577148	0.979645	255	336	3.03571
Location1	0.516968	0.113403	256	337	3.03858
Location0	0.8703	0.946869	256	338	3.02959
Location1	0.217896	0.775116	257	339	3.03245
Location1	0.874725	0.115112	258	340	3.03529
Location1	0.717346	0.617645	259	341	3.03812
Location1	0.264069	0.378021	260	342	3.04094
Location1	0.0907898	0.645386	261	343	3.04373
Location1	0.832123	0.432831	262	344	3.04651
Location1	0.510803	0.0483093	263	345	3.04928
Location1	0.386566	0.224243	264	346	3.05202
Location1	0.540009	0.44754	265	347	3.05476
Location1	0.636627	0.406219	266	348	3.05747
Location1	0.37149	0.299377	267	349	3.06017
Location1	0.606445	0.227081	268	350	3.06286
Location1	0.79776	0.113708	269	351	3.06553
Location1	0.604919	0.745209	270	352	3.06818
Location1	0.189178	0.643005	271	353	3.07082
Location1	0.283295	0.78064	272	354	3.07345
Location1	0.263885	0.698334	273	355	3.07606
Location1	0.812195	0.509491	274	356	3.07865
Location0	0.929443	0.748779	274	357	3.07003
Location1	0.708832	0.107178	275	358	3.07263
Location0	0.978485	0.959991	275	359	3.06407
Location1	0.345947	0.34668	276	360	3.06667
Location0	0.918823	0.828552	276	361	3.05817
Location1	0.673553	0.558075	277	362	3.06077
Location1	0.719635	0.0684814	278	363	3.06336
Location1	0.184937	0.855774	279	364	3.06593
Location0	0.754974	0.905701	279	365	3.05753
Location1	0.657928	0.0394592	280	366	3.06011
Location1	0.72583	0.437012	281	367	3.06267
Location1	0.703003	0.0752563	282	368	3.06522
Location1	0.841827	0.209839	283	369	3.06775
Location1	0.648956	0.56308	284	370	3.07027
Location1	0.0439758	0.678986	285	371	3.07278
Location1	0.798065	0.0965576	286	372	3.07527
Location1	0.549774	0.69632	287	373	3.07775
Location0	0.581451	0.922028	287	374	3.06952
Location1	0.50174	0.690216	288	375	3.072
Location0	0.646027	0.802185	288	376	3.06383
Location1	0.000732422	0.690613	289	377	3.06631
Location1	0.404541	0.491577	290	378	3.06878
Location1	0.305359	0.855896	291	379	3.07124
Location1	0.0796204	0.729095	292	380	3.07368
Location1	0.478424	0.658112	293	381	3.07612
Location1	0.773102	0.154907	294	382	3.07853
Location1	0.262238	0.382599	295	383	3.08094
Location1	0.592316	0.0569458	296	384	3.08333
Location1	0.463409	0.0983887	297	385	3.08571
Location1	0.363983	0.353973	298	386	3.08808
Location1	0.628754	0.755402	299	387	3.09044
Location0	0.967346	0.721313	299	388	3.08247
Location1	0.293396	0.564941	300	389	3.08483
Location1	0.817657	0.265167	301	390	3.08718
Location1	0.582611	0.319763	302	391	3.08951
Location1	0.531433	0.65213	303	392	3.09184
Location1	0.448181	0.80957	304	393	3.09415
Location1	0.304413	0.100159	305	394	3.09645
Location0	0.320862	0.988708	305	395	3.08861
Location1	0.0338135	0.13681	306	396	3.09091
Location1	0.460052	0.0519714	307	397	3.0932
Location1	0.715881	0.531708	308	398	3.09548
Location1	0.782227	0.0747986	309	399	3.09774
Location1	0.150116	0.308655	310	400	3.1
Location1	0.44873	0.374298	311	401	3.10224
Location1	0.481415	0.244415	312	402	3.10448
Location0	0.994995	0.247162	312	403	3.09677
Location1	0.611298	0.759949	313	404	3.09901
Location1	0.281647	0.240692	314	405	3.10123
Location1	0.00952148	0.610474	315	406	3.10345
Location1	0.04953	0.613495	316	407	3.10565
Location1	0.957458	0.280518	317	408	3.10784
Location1	0.3591	0.141663	318	409	3.11002
Location1	0.754211	0.490509	319	410	3.1122
Location0	0.696075	0.927124	319	411	3.10462
Location0	0.91687	0.720764	319	412	3.09709
Location1	0.024353	0.363892	320	413	3.09927
Location1	0.906403	0.159332	321	414	3.10145
Location0	0.56723	0.919098	321	415	3.09398
Location0	0.40979	0.980042	321	416	3.08654
Location0	0.598785	0.884491	321	417	3.07914
Location1	0.710419	0.356689	322	418	3.08134
Location1	0.0257568	0.755096	323	419	3.08353
Location1	0.177399	0.119965	324	420	3.08571
Location1	0.0421448	0.390747	325	421	3.08789
Location1	0.405334	0.463104	326	422	3.09005
Location1	0.637115	0.617523	327	423	3.0922
Location1	0.0357056	0.602661	328	424	3.09434
Location1	0.23761	0.4245	329	425	3.09647
Location0	0.79129	0.800629	329	426	3.0892
Location1	0.267212	0.412598	330	427	3.09133
Location1	0.754486	0.654022	331	428	3.09346
Location0	0.901978	0.651733	331	429	3.08625
Location1	0.421112	0.0585632	332	430	3.08837
Location0	0.805054	0.602264	332	431	3.08121
Location1	0.561066	0.752045	333	432	3.08333
Location1	0.12085	0.257172	334	433	3.08545
Location1	0.416534	0.844391	335	434	3.08756
Location1	0.510345	0.161285	336	435	3.08966
Location1	0.26947	0.240082	337	436	3.09174
Location1	0.508698	0.463654	338	437	3.09382
Location1	0.909607	0.359436	339	438	3.09589
Location0	0.986176	0.659302	339	439	3.08884
Location1	0.0339966	0.065094	340	440	3.09091
Location0	0.99411	0.176849	340	441	3.0839
Location1	0.109314	0.199615	341	442	3.08597
Location1	0.776672	0.467834	342	443	3.08804
Location1	0.728485	0.640961	343	444	3.09009
Location1	0.22995	0.754608	344	445	3.09213
Location0	0.992676	0.281372	344	446	3.0852
Location1	0.589661	0.0923157	345	447	3.08725
Location0	0.94989	0.836823	345	448	3.08036
Location0	0.628448	0.901703	345	449	3.0735
Location0	0.621399	0.892334	345	450	3.06667
Location1	0.144348	0.629059	346	451	3.06874
Location1	0.647461	0.0902405	347	452	3.0708
Location1	0.0213928	0.689087	348	453	3.07285
Location1	0.0831909	0.867065	349	454	3.07489
Location1	0.64389	0.347443	350	455	3.07692
Location1	0.376404	0.645538	351	456	3.07895
Location0	0.945282	0.69873	351	457	3.07221
Location1	0.058075	0.888	352	458	3.07424
Location1	0.873169	0.39679	353	459	3.07625
Location1	0.177032	0.917145	354	460	3.07826
Location1	0.551483	0.292877	355	461	3.08026
Location1	0.0100098	0.911041	356	462	3.08225
Location0	0.921326	0.638489	356	463	3.07559
Location1	0.0784607	0.977753	357	464	3.07759
Location1	0.141388	0.00878906	358	465	3.07957
Location1	0.00308228	0.716553	359	466	3.08155
Location1	0.529541	0.602997	360	467	3.08351
Location1	0.227661	0.171692	361	468	3.08547
Location1	0.326599	0.0780945	362	469	3.08742
Location1	0.143066	0.5849	363	470	3.08936
Location1	0.0635986	0.571838	364	471	3.0913
Location0	0.64325	0.853119	364	472	3.08475
Location1	0.813995	0.0715027	365	473	3.08668
Location1	0.643707	0.0974121	366	474	3.08861
Location1	0.111572	0.784668	367	475	3.09053
Location1	0.594513	0.249451	368	476	3.09244
Location0	0.81601	0.668182	368	477	3.08595
Location1	0.51828	0.0620728	369	478	3.08787
Location0	0.706512	0.771362	369	479	3.08142
Location1	0.605225	0.449524	370	480	3.08333
Location1	0.0856628	0.550354	371	481	3.08524
Location0	0.895782	0.564392	371	482	3.07884
Location1	0.174011	0.808929	372	483	3.08075
Location1	0.08255	0.516876	373	484	3.08264
Location1	0.576874	0.422882	374	485	3.08454
Location1	0.962555	0.143036	375	486	3.08642
Location1	0.60495	0.503632	376	487	3.0883
Location1	0.571075	0.728058	377	488	3.09016
Location1	0.729401	0.157684	378	489	3.09202
Location1	0.528564	0.0907898	379	490	3.09388
Location0	0.953125	0.497955	379	491	3.08758
Location0	0.631531	0.935974	379	492	3.0813
Location1	0.379242	0.063324	380	493	3.08316
Location1	0.218872	0.880188	381	494	3.08502
Location1	0.757965	0.302673	382	495	3.08687
Location1	0.344849	0.0580139	383	496	3.08871
Location1	0.293579	0.279602	384	497	3.09054
Location1	0.289948	0.714386	385	498	3.09237
Location1	0.492004	0.253967	386	499	3.09419
Location1	0.440948	0.689514	387	500	3.096
Location1	0.331055	0.296936	388	501	3.0978
Location1	0.0711975	0.202881	389	502	3.0996
Location1	0.533783	0.595215	390	503	3.10139
Location1	0.0527649	0.841919	391	504	3.10317
Location1	0.226929	0.601074	392	505	3.10495
Location1	0.03125	0.162354	393	506	3.10672
Location0	0.765259	0.684296	393	507	3.10059
Location1	0.0950317	0.80603	394	508	3.10236
Location1	0.00314331	0.442474	395	509	3.10413
Location1	0.469482	0.542419	396	510	3.10588
Location1	0.794678	0.32547	397	511	3.10763
Location1	0.268311	0.140411	398	512	3.10938
Location1	0.00360107	0.730896	399	513	3.11111
Location1	0.832367	0.476379	400	514	3.11284
Location1	0.804138	0.226379	401	515	3.11456
Location0	0.687805	0.784637	401	516	3.10853
Location1	0.55423	0.0549927	402	517	3.11025
Location1	0.654785	0.457031	403	518	3.11197
Location1	0.0222168	0.580231	404	519	3.11368
Location1	0.137329	0.297455	405	520	3.11538
Location1	0.248169	0.826721	406	521	3.11708
Location1	0.126617	0.637543	407	522	3.11877
Location0	0.821625	0.772705	407	523	3.11281
Location1	0.94809	0.220215	408	524	3.1145
Location0	0.855957	0.550934	408	525	3.10857
Location1	0.284058	0.256989	409	526	3.11027
Location1	0.441925	0.213959	410	527	3.11195
Location1	0.502808	0.565125	411	528	3.11364
Location1	0.860565	0.219971	412	529	3.11531
Location1	0.825958	0.191406	413	530	3.11698
Location1	0.337219	0.295776	414	531	3.11864
Location1	0.364441	0.428406	415	532	3.1203
Location0	0.617767	0.833038	415	533	3.11445
Location1	0.555328	0.629425	416	534	3.1161
Location1	0.148621	0.473572	417	535	3.11776
Location1	0.0301208	0.728729	418	536	3.1194
Location1	0.141113	0.0409241	419	537	3.12104
Location1	0.44574	0.873016	420	538	3.12268
Location1	0.302155	0.473328	421	539	3.1243
Location1	0.31012	0.0704346	422	540	3.12593
Location0	0.512115	0.915375	422	541	3.12015
Location1	0.332672	0.263428	423	542	3.12177
Location1	0.231171	0.623688	424	543	3.12339
Location1	0.331787	0.731781	425	544	3.125
Location0	0.915497	0.843689	425	545	3.11927
Location1	0.22995	0.231812	426	546	3.12088
Location1	0.224243	0.313019	427	547	3.12249
Location1	0.168304	0.77829	428	548	3.12409
Location1	0.299225	0.548309	429	549	3.12568
Location1	0.271149	0.475098	430	550	3.12727
Location0	0.897644	0.571411	430	551	3.1216
Location1	0.0926819	0.300995	431	552	3.12319
Location1	0.659821	0.231232	432	553	3.12477
Location1	0.276031	0.256744	433	554	3.12635
Location1	0.29303	0.777649	434	555	3.12793
Location1	0.456757	0.779694	435	556	3.1295
Location0	0.952332	0.843597	435	557	3.12388
Location0	0.941833	0.832458	435	558	3.11828
Location1	0.600189	0.491425	436	559	3.11986
Location1	0.194946	0.571289	437	560	3.12143
Location1	0.62561	0.480286	438	561	3.12299
Location1	0.659882	0.00115967	439	562	3.12456
Location1	0.504578	0.410156	440	563	3.12611
Location0	0.953156	0.523041	440	564	3.12057
Location0	0.782471	0.899292	440	565	3.11504
Location0	0.956818	0.780487	440	566	3.10954
Location1	0.160126	0.45108	441	567	3.11111
Location0	0.842896	0.710815	441	568	3.10563
Location1	0.964752	0.166443	442	569	3.10721
Location1	0.561035	0.207886	443	570	3.10877
Location0	0.786713	0.958405	443	571	3.10333
Location1	0.819885	0.302429	444	572	3.1049
Location1	0.563599	0.424774	445	573	3.10646
Location1	0.0941772	0.266113	446	574	3.10801
Location1	0.892914	0.0352173	447	575	3.10957
Location1	0.688202	0.545868	448	576	3.11111
Location0	0.854492	0.789124	448	577	3.10572
Location0	0.387451	0.934235	448	578	3.10035
Location1	0.123779	0.000488281	449	579	3.1019
Location0	0.729065	0.882629	449	580	3.09655
Location1	0.657562	0.365723	450	581	3.09811
Location1	0.423035	0.36322	451	582	3.09966
Location0	0.733185	0.971252	451	583	3.09434
Location1	0.954773	0.185944	452	584	3.09589
Location1	0.622528	0.396606	453	585	3.09744
Location1	0.900635	0.17691	454	586	3.09898
Location1	0.681824	0.569519	455	587	3.10051
Location1	0.98764	0.124146	456	588	3.10204
Location1	0.139099	0.529236	457	589	3.10357
Location1	0.428589	0.897644	458	590	3.10508
Location1	0.35965	0.754272	459	591	3.1066
Location1	0.563782	0.648834	460	592	3.10811
Location1	0.871887	0.210938	461	593	3.10961
Location1	0.340607	0.497101	462	594	3.11111
Location0	0.933594	0.778656	462	595	3.10588
Location1	0.662231	0.608246	463	596	3.10738
Location1	0.920837	0.208618	464	597	3.10888
Location1	0.136932	0.0721436	465	598	3.11037
Location1	0.320221	0.271851	466	599	3.11185
Location1	0.258667	0.485443	467	600	3.11333
Location1	0.606049	0.253021	468	601	3.11481
Location1	0.550903	0.645477	469	602	3.11628
Location1	0.783386	0.446167	470	603	3.11774
Location1	0.704376	0.26178	471	604	3.11921
Location0	0.878296	0.808563	471	605	3.11405
Location1	0.240265	0.0915222	472	606	3.11551
Location1	0.156891	0.429169	473	607	3.11697
Location1	0.730133	0.404938	474	608	3.11842
Location0	0.353851	0.967621	474	609	3.1133
Location1	0.103607	0.187103	475	610	3.11475
Location1	0.692139	0.720459	476	611	3.1162
Location1	0.0752258	0.982391	477	612	3.11765
Location0	0.974884	0.470154	477	613	3.11256
Location1	0.221771	0.787415	478	614	3.11401
Location1	0.530823	0.773956	479	615	3.11545
Location0	0.74115	0.899597	479	616	3.11039
Location1	0.294495	0.848267	480	617	3.11183
Location1	0.424255	0.126556	481	618	3.11327
Location0	0.80249	0.704865	481	619	3.10824
Location1	0.870758	0.263367	482	620	3.10968
Location1	0.386902	0.695679	483	621	3.11111
Location1	0.480621	0.2435	484	622	3.11254
Location1	0.347321	0.121613	485	623	3.11396
Location1	0.251953	0.870026	486	624	3.11538
Location1	0.382629	0.0623474	487	625	3.1168
Location0	0.916931	0.532806	487	626	3.11182
Location1	0.0636902	0.0829468	488	627	3.11324
Location1	0.446747	0.818756	489	628	3.11465
Location0	0.628571	0.973846	489	629	3.1097
Location1	0.457062	0.42038	490	630	3.11111
Location1	0.880859	0.180023	491	631	3.11252
Location1	0.545044	0.249908	492	632	3.11392
Location1	0.473236	0.0760803	493	633	3.11532
Location1	0.0892334	0.164337	494	634	3.11672
Location1	0.356628	0.743286	495	635	3.11811
Location1	0.543671	0.208252	496	636	3.1195
Location1	0.67691	0.404663	497	637	3.12088
Location0	0.757324	0.780609	497	638	3.11599
Location1	0.899994	0.174683	498	639	3.11737
Location1	0.350189	0.631256	499	640	3.11875
Location1	0.446747	0.279541	500	641	3.12012
Location1	0.677307	0.0940247	501	642	3.1215
Location1	0.618835	0.40451	502	643	3.12286
Location1	0.411835	0.462341	503	644	3.12422
Location1	0.0969543	0.324463	504	645	3.12558
Location1	0.278625	0.913696	505	646	3.12693
Location1	0.79248	0.473633	506	647	3.12828
Location0	0.969421	0.889191	506	648	3.12346
Location1	0.333954	0.611572	507	649	3.12481
Location1	0.770721	0.334229	508	650	3.12615
Location1	0.969452	0.240387	509	651	3.1275
Location0	0.936249	0.707092	509	652	3.1227
Location1	0.166504	0.930878	510	653	3.12404
Location1	0.334259	0.161102	511	654	3.12538
Location1	0.690155	0.212585	512	655	3.12672
Location1	0.402008	0.807068	513	656	3.12805
Location1	0.44101	0.184875	514	657	3.12938
Location0	0.937683	0.461761	514	658	3.12462
Location1	0.834351	0.5047	515	659	3.12595
Location0	0.761719	0.789337	515	660	3.12121
Location1	0.00137329	0.907928	516	661	3.12254
Location1	0.778503	0.241241	517	662	3.12387
Location0	0.594025	0.919739	517	663	3.11916
Location1	0.469574	0.701447	518	664	3.12048
Location0	0.474487	0.91098	518	665	3.11579
Location1	0.349823	0.24292	519	666	3.11712
Location1	0.0709229	0.156372	520	667	3.11844
Location1	0.417847	0.901642	521	668	3.11976
Location1	0.680176	0.0509338	522	669	3.12108
Location1	0.131653	0.874481	523	670	3.12239
Location1	0.499237	0.1409	524	671	3.1237
Location1	0.940918	0.0471191	525	672	3.125
Location1	0.666382	0.125275	526	673	3.1263
Location1	0.907318	0.258423	527	674	3.1276
Location1	0.0932922	0.484344	528	675	3.12889
Location1	0.44397	0.207245	529	676	3.13018
Location1	0.369446	0.891541	530	677	3.13146
Location1	0.704987	0.408112	531	678	3.13274
Location1	0.520111	0.0644531	532	679	3.13402
Location1	0.657104	0.10199	533	680	3.13529
Location1	0.899048	0.211914	534	681	3.13656
Location1	0.363892	0.528412	535	682	3.13783
Location0	0.997192	0.732697	535	683	3.13324
Location1	0.51416	0.465057	536	684	3.1345
Location1	0.448608	0.322693	537	685	3.13577
Location1	0.725861	0.441437	538	686	3.13703
Location1	0.0150452	0.146362	539	687	3.13828
Location1	0.656555	0.532288	540	688	3.13953
Location1	0.830231	0.228912	541	689	3.14078
Location1	0.451721	0.137512	542	690	3.14203
Location1	0.684967	0.725525	543	691	3.14327
Location1	0.562286	0.654785	544	692	3.14451
Location1	0.634979	0.223724	545	693	3.14574
Location1	0.462616	0.450714	546	694	3.14697
Location0	0.711639	0.735168	546	695	3.14245
Location1	0.299835	0.037323	547	696	3.14368
Location1	0.0180054	0.533112	548	697	3.14491
Location1	0.00653076	0.859802	549	698	3.14613
Location0	0.990692	0.492065	549	699	3.14163
Location0	0.907013	0.601685	549	700	3.13714
Location1	0.108765	0.0852661	550	701	3.13837
Location1	0.349579	0.414062	551	702	3.1396
Location0	0.831543	0.696991	551	703	3.13514
Location0	0.394897	0.974731	551	704	3.13068
Location1	0.04599	0.405212	552	705	3.13191
Location1	0.0925598	0.783844	553	706	3.13314
Location0	0.804962	0.891571	553	707	3.12871
Location1	0.376709	0.601898	554	708	3.12994
Location1	0.638062	0.634277	555	709	3.13117
Location1	0.112152	0.436646	556	710	3.13239
Location1	0.215668	0.0405273	557	711	3.13361
Location0	0.321838	0.98526	557	712	3.12921
Location1	0.648041	0.674683	558	713	3.13043
Location1	0.127563	0.937622	559	714	3.13165
Location1	0.200104	0.238434	560	715	3.13287
Location1	0.43457	0.0471191	561	716	3.13408
Location1	0.703857	0.459045	562	717	3.13529
Location1	0.891724	0.375549	563	718	3.13649
Location1	0.449005	0.542053	564	719	3.13769
Location1	0.158142	0.61792	565	720	3.13889
Location1	0.833496	0.344849	566	721	3.14008
Location1	0.0078125	0.913544	567	722	3.14127
Location0	0.555054	0.927094	567	723	3.13693
Location1	0.303497	0.0498047	568	724	3.13812
Location1	0.625061	0.634155	569	725	3.13931
Location1	0.370667	0.464813	570	726	3.1405
Location0	0.985657	0.370422	570	727	3.13618
Location0	0.803436	0.954834	570	728	3.13187
Location1	0.0120239	0.217896	571	729	3.13306
Location1	0.233124	0.4935	572	730	3.13425
Location1	0.680389	0.0570068	573	731	3.13543
Location1	0.091217	0.0681763	574	732	3.13661
Location1	0.68338	0.345581	575	733	3.13779
Location0	0.897461	0.940399	575	734	3.13351
Location1	0.273895	0.712067	576	735	3.13469
Location1	0.104706	0.23642	577	736	3.13587
Location1	0.118744	0.519775	578	737	3.13704
Location1	0.0317688	0.273834	579	738	3.13821
Location1	0.943329	0.0578613	580	739	3.13938
Location0	0.915161	0.531006	580	740	3.13514
Location1	0.248505	0.515594	581	741	3.1363
Location1	0.61145	0.665314	582	742	3.13747
Location1	0.881134	0.395996	583	743	3.13863
Location0	0.981171	0.486298	583	744	3.13441
Location1	0.739105	0.525299	584	745	3.13557
Location1	0.485565	0.290375	585	746	3.13673
Location1	0.3927	0.31427	586	747	3.13788
Location1	0.0275879	0.462952	587	748	3.13904
Location1	0.903015	0.427765	588	749	3.14019
Location1	0.568176	0.754395	589	750	3.14133
Location1	0.618958	0.518799	590	751	3.14248
Location1	0.549316	0.13623	591	752	3.14362
Location1	0.234009	0.183105	592	753	3.14475
Location1	0.654846	0.643372	593	754	3.14589
Location0	0.884033	0.790985	593	755	3.14172
Location1	0.94046	0.109222	594	756	3.14286
Location1	0.567322	0.352051	595	757	3.14399
Location1	0.864044	0.199554	596	758	3.14512
Location1	0.66803	0.0696411	597	759	3.14625
Location1	0.247925	0.651215	598	760	3.14737
Location0	0.864716	0.740662	598	761	3.14323
Location1	0.703491	0.122467	599	762	3.14436
Location1	0.204498	0.657867	600	763	3.14548
Location1	0.550537	0.560822	601	764	3.1466
Location1	0.624725	0.169739	602	765	3.14771
Location1	0.761566	0.494537	603	766	3.14883
Location1	0.703186	0.555267	604	767	3.14993
Location1	0.962952	0.154449	605	768	3.15104
Location1	0.917847	0.369293	606	769	3.15215
Location1	0.0238342	0.831879	607	770	3.15325
Location1	0.197784	0.914795	608	771	3.15435
Location1	0.264374	0.379425	609	772	3.15544
Location1	0.0465088	0.998322	610	773	3.15653
Location1	0.81424	0.260132	611	774	3.15762
Location1	0.0184326	0.625	612	775	3.15871
Location1	0.15271	0.0523376	613	776	3.15979
Location0	0.830475	0.789093	613	777	3.15573
Location1	0.361755	0.815216	614	778	3.15681
Location1	0.889404	0.0167847	615	779	3.15789
Location1	0.12323	0.222382	616	780	3.15897
Location1	0.516754	0.816803	617	781	3.16005
Location0	0.991547	0.869049	617	782	3.15601
Location1	0.651855	0.69574	618	783	3.15709
Location0	0.972748	0.659485	618	784	3.15306
Location1	0.315002	0.894043	619	785	3.15414
Location0	0.94165	0.680511	619	786	3.15013
Location1	0.611389	0.498901	620	787	3.15121
Location0	0.928192	0.467773	620	788	3.14721
Location1	0.557465	0.0903625	621	789	3.14829
Location1	0.804077	0.0709534	622	790	3.14937
Location1	0.510742	0.576965	623	791	3.15044
Location1	0.400879	0.82373	624	792	3.15152
Location1	0.484283	0.376862	625	793	3.15259
Location1	0.591431	0.225281	626	794	3.15365
Location1	0.127411	0.601257	627	795	3.15472
Location1	0.365082	0.839447	628	796	3.15578
Location1	0.653534	0.39563	629	797	3.15684
Location1	0.428284	0.617462	630	798	3.15789
Location1	0.496429	0.0957336	631	799	3.15895
Location1	0.362152	0.551025	632	800	3.16
Location0	0.976501	0.354218	632	801	3.15605
Location1	0.867554	0.0615234	633	802	3.15711
Location0	0.757874	0.894073	633	803	3.15318
Location1	0.129425	0.0318298	634	804	3.15423
Location1	0.377747	0.0454102	635	805	3.15528
Location0	0.831818	0.887146	635	806	3.15136
Location1	0.629517	0.72168	636	807	3.15242
Location0	0.853973	0.630646	636	808	3.14851
Location1	0.0802917	0.991547	637	809	3.14957
Location1	0.179901	0.240631	638	810	3.15062
Location0	0.5047	0.902679	638	811	3.14673
Location1	0.0516663	0.335144	639	812	3.14778
Location1	0.515778	0.71402	640	813	3.14883
Location0	0.898193	0.510529	640	814	3.14496
Location1	0.174683	0.192017	641	815	3.14601
Location1	0.0709229	0.259979	642	816	3.14706
Location1	0.85965	0.128052	643	817	3.1481
Location0	0.916992	0.878479	643	818	3.14425
Location1	0.176514	0.732452	644	819	3.1453
Location1	0.221832	0.260254	645	820	3.14634
Location1	0.191223	0.0619812	646	821	3.14738
Location0	0.552032	0.995056	646	822	3.14355
Location1	0.765686	0.136566	647	823	3.14459
Location1	0.529877	0.669647	648	824	3.14563
Location1	0.278931	0.901886	649	825	3.14667
Location1	0.57077	0.780426	650	826	3.1477
Location1	0.513641	0.693817	651	827	3.14873
Location1	0.114868	0.163788	652	828	3.14976
Location0	0.990479	0.361145	652	829	3.14596
Location1	0.883942	0.350189	653	830	3.14699
Location1	0.530548	0.702637	654	831	3.14801
Location1	0.194977	0.748474	655	832	3.14904
Location1	0.327942	0.374939	656	833	3.15006
Location1	0.861755	0.0662231	657	834	3.15108
Location1	0.312958	0.927338	658	835	3.1521
Location0	0.715424	0.873016	658	836	3.14833
Location1	0.0879211	0.119751	659	837	3.14934
Location1	0.275513	0.712341	660	838	3.15036
Location1	0.21637	0.180206	661	839	3.15137
Location1	0.6026	0.668488	662	840	3.15238
Location1	0.14682	0.157959	663	841	3.15339
Location0	0.863892	0.795135	663	842	3.14964
Location1	0.552979	0.028595	664	843	3.15065
Location1	0.642883	0.311005	665	844	3.15166
Location1	0.370819	0.707336	666	845	3.15266
Location0	0.524414	0.969788	666	846	3.14894
Location1	0.314331	0.626801	667	847	3.14994
Location0	0.986481	0.509949	667	848	3.14623
Location1	0.151154	0.0355225	668	849	3.14723
Location1	0.129761	0.59082	669	850	3.14824
Location1	0.518921	0.673279	670	851	3.14924
Location1	0.276428	0.121399	671	852	3.15023
Location0	0.56424	0.979736	671	853	3.14654
Location0	0.969299	0.387848	671	854	3.14286
Location1	0.184875	0.492523	672	855	3.14386
Location1	0.402496	0.88623	673	856	3.14486
Location1	0.15686	0.591064	674	857	3.14586
Location1	0.815369	0.266418	675	858	3.14685
Location1	0.927612	0.242188	676	859	3.14785
Location1	0.880035	0.29361	677	860	3.14884
Location1	0.356262	0.904175	678	861	3.14983
Location1	0.614807	0.233765	679	862	3.15081
Location1	0.182526	0.245087	680	863	3.1518
Location0	0.853912	0.569031	680	864	3.14815
Location1	0.505341	0.831787	681	865	3.14913
Location1	0.805267	0.449554	682	866	3.15012
Location1	0.0525208	0.446167	683	867	3.1511
Location0	0.727417	0.787781	683	868	3.14747
Location1	0.522766	0.184174	684	869	3.14845
Location1	0.256653	0.401733	685	870	3.14943
Location0	0.780884	0.99469	685	871	3.14581
Location1	0.416138	0.113159	686	872	3.14679
Location1	0.188232	0.813751	687	873	3.14777
Location1	0.837524	0.207245	688	874	3.14874
Location0	0.848755	0.951111	688	875	3.14514
Location1	0.22699	0.159729	689	876	3.14612
Location1	0.0525513	0.884583	690	877	3.14709
Location1	0.606537	0.0379028	691	878	3.14806
Location1	0.697815	0.119202	692	879	3.14903
Location1	0.361969	0.481659	693	880	3.15
Location0	0.972717	0.266876	693	881	3.14642
Location1	0.628754	0.671021	694	882	3.14739
Location1	0.078064	0.00305176	695	883	3.14836
Location1	0.0470886	0.185974	696	884	3.14932
Location1	0.272308	0.0565796	697	885	3.15028
Location1	0.417175	0.165344	698	886	3.15124
Location1	0.0202637	0.889069	699	887	3.1522
Location1	0.286346	0.670776	700	888	3.15315
Location1	0.526306	0.219849	701	889	3.15411
Location0	0.999023	0.661804	701	890	3.15056
Location1	0.433807	0.0530396	702	891	3.15152
Location1	0.240631	0.488708	703	892	3.15247
Location0	0.971619	0.36264	703	893	3.14894
Location1	0.607269	0.309174	704	894	3.14989
Location1	0.329254	0.0922241	705	895	3.15084
Location1	0.231567	0.334991	706	896	3.15179
Location1	0.541901	0.625214	707	897	3.15273
Location0	0.996948	0.315002	707	898	3.14922
Location1	0.666046	0.382263	708	899	3.15017
Location1	0.370453	0.160858	709	900	3.15111
Location1	0.527954	0.70163	710	901	3.15205
Location1	0.386597	0.121338	711	902	3.15299
Location0	0.825073	0.659271	711	903	3.1495
Location1	0.812195	0.411896	712	904	3.15044
Location0	0.862762	0.984344	712	905	3.14696
Location1	0.0246582	0.705505	713	906	3.1479
Location0	0.706451	0.726929	713	907	3.14443
Location1	0.634094	0.391113	714	908	3.14537
Location1	0.0316772	0.83371	715	909	3.14631
Location1	0.38089	0.00585938	716	910	3.14725
Location1	0.452087	0.288361	717	911	3.14819
Location1	0.339966	0.747406	718	912	3.14912
Location0	0.607574	0.972473	718	913	3.14567
Location0	0.962799	0.472595	718	914	3.14223
Location0	0.793335	0.903381	718	915	3.1388
Location1	0.988831	0.0887451	719	916	3.13974
Location1	0.411041	0.00537109	720	917	3.14068
Location0	0.756989	0.743591	720	918	3.13725
Location1	0.0237427	0.0702515	721	919	3.13819
Location0	0.948975	0.72052	721	920	3.13478
Location1	0.295441	0.0635986	722	921	3.13572
Location1	0.295563	0.445068	723	922	3.13666
Location1	0.596649	0.432983	724	923	3.13759
Location1	0.276764	0.508789	725	924	3.13853
Location1	0.55719	0.574402	726	925	3.13946
Location1	0.347626	0.117432	727	926	3.14039
Location1	0.347748	0.11319	728	927	3.14132
Location0	0.720551	0.868561	728	928	3.13793
Location1	0.970825	0.155579	729	929	3.13886
Location1	0.235596	0.266083	730	930	3.13978
Location1	0.342957	0.167236	731	931	3.14071
Location1	0.349701	0.877045	732	932	3.14163
Location1	0.449188	0.634979	733	933	3.14255
Location1	0.776642	0.537201	734	934	3.14347
Location1	0.350861	0.168121	735	935	3.14439
Location1	0.808289	0.511963	736	936	3.1453
Location1	0.328552	0.195099	737	937	3.14621
Location1	0.849091	0.0184021	738	938	3.14712
Location0	0.940521	0.912659	738	939	3.14377
Location1	0.194244	0.0148926	739	940	3.14468
Location1	0.2789	0.642578	740	941	3.14559
Location1	0.583832	0.664673	741	942	3.1465
Location1	0.204041	0.253448	742	943	3.1474
Location1	0.563049	0.379395	743	944	3.14831
Location0	0.838898	0.802704	743	945	3.14497
Location1	0.180756	0.84906	744	946	3.14588
Location1	0.104248	0.0559082	745	947	3.14678
Location1	0.0567932	0.964478	746	948	3.14768
Location1	0.576202	0.0390015	747	949	3.14858
Location1	0.350067	0.0385742	748	950	3.14947
Location1	0.447327	0.280243	749	951	3.15037
Location1	0.657959	0.232727	750	952	3.15126
Location0	0.872498	0.897705	750	953	3.14795
Location1	0.378815	0.594727	751	954	3.14885
Location1	0.480591	0.18866	752	955	3.14974
Location1	0.568451	0.613678	753	956	3.15063
Location1	0.33374	0.87735	754	957	3.15152
Location0	0.822205	0.699554	754	958	3.14823
Location1	0.114929	0.677155	755	959	3.14911
Location1	0.213409	0.492065	756	960	3.15
Location1	0.825348	0.323273	757	961	3.15088
Location1	0.820038	0.406342	758	962	3.15177
Location0	0.772705	0.732727	758	963	3.14849
Location1	0.870148	0.321045	759	964	3.14938
Location1	0.132172	0.447144	760	965	3.15026
Location1	0.0381165	0.815308	761	966	3.15114
Location1	0.860229	0.0153198	762	967	3.15202
Location0	0.922058	0.860626	762	968	3.14876
Location1	0.243866	0.471436	763	969	3.14964
Location1	0.23465	0.374451	764	970	3.15052
Location0	0.865448	0.564941	764	971	3.14727
Location1	0.737518	0.540833	765	972	3.14815
Location1	0.264954	0.899109	766	973	3.14902
Location1	0.45166	0.305359	767	974	3.1499
Location1	0.0806885	0.633575	768	975	3.15077
Location1	0.173828	0.949951	769	976	3.15164
Location0	0.94989	0.90799	769	977	3.14841
Location1	0.831421	0.153961	770	978	3.14928
Location0	0.950195	0.642273	770	979	3.14607
Location1	0.706024	0.447968	771	980	3.14694
Location0	0.863434	0.870361	771	981	3.14373
Location1	0.0577698	0.466278	772	982	3.1446
Location1	0.0429382	0.263214	773	983	3.14547
Location1	0.180908	0.904694	774	984	3.14634
Location0	0.165619	0.997589	774	985	3.14315
Location1	0.422638	0.589294	775	986	3.14402
Location1	0.650085	0.626709	776	987	3.14488
Location1	0.195831	0.563141	777	988	3.14575
Location1	0.0219421	0.109406	778	989	3.14661
Location1	0.517334	0.596588	779	990	3.14747
Location1	0.00778198	0.653229	780	991	3.14834
Location1	0.102753	0.0277405	781	992	3.14919
Location1	0.638611	0.528717	782	993	3.15005
Location1	0.549103	0.339264	783	994	3.15091
Location1	0.144775	0.510376	784	995	3.15176
Location1	0.636932	0.377686	785	996	3.15261
Location1	0.922607	0.100952	786	997	3.15346
Location1	0.282349	0.621674	787	998	3.15431
Location1	0.355103	0.195068	788	999	3.15516
Location1	0.171051	0.405182	789	1000	3.156
Location1	0.766876	0.338684	790	1001	3.15684
Location1	0.605164	0.502167	791	1002	3.15768
Location1	0.295654	0.240448	792	1003	3.15852
Location0	0.594025	0.978699	792	1004	3.15538
Location0	0.96048	0.691132	792	1005	3.15224
Location0	0.720703	0.718964	792	1006	3.14911
Location1	0.708954	0.547882	793	1007	3.14995
Location1	0.81485	0.531311	794	1008	3.15079
Location0	0.723785	0.93866	794	1009	3.14767
Location1	0.963623	0.240784	795	1010	3.14851
Location1	0.770721	0.344147	796	1011	3.14936
Location0	0.891602	0.67395	796	1012	3.14625
Location0	0.8685	0.712372	796	1013	3.14314
Location1	0.241394	0.94281	797	1014	3.14398
Location1	0.0625305	0.263275	798	1015	3.14483
Location0	0.78537	0.933655	798	1016	3.14173
Location1	0.583069	0.13858	799	1017	3.14258
Location1	0.10083	0.407288	800	1018	3.14342
Location1	0.169586	0.553802	801	1019	3.14426
Location1	0.738953	0.616882	802	1020	3.1451
Location0	0.842529	0.608429	802	1021	3.14202
Location1	0.419373	0.849518	803	1022	3.14286
Location1	0.903198	0.410553	804	1023	3.1437
Location1	0.281097	0.797852	805	1024	3.14453
Location1	0.443878	0.672272	806	1025	3.14537
Location1	0.721649	0.168365	807	1026	3.1462
Location1	0.14859	0.431854	808	1027	3.14703
Location1	0.855103	0.431702	809	1028	3.14786
Location1	0.666229	0.0593567	810	1029	3.14869
Location1	0.120667	0.122314	811	1030	3.14951
Location1	0.337433	0.201477	812	1031	3.15034
Location1	0.072876	0.592865	813	1032	3.15116
Location1	0.555817	0.822296	814	1033	3.15198
Location0	0.88446	0.630096	814	1034	3.14894
Location0	0.545593	0.995758	814	1035	3.14589
Location0	0.593811	0.838287	814	1036	3.14286
Location0	0.836243	0.606598	814	1037	3.13983
Location1	0.627289	0.196472	815	1038	3.14066
Location1	0.21579	0.615509	816	1039	3.14148
Location1	0.628693	0.69577	817	1040	3.14231
Location1	0.443726	0.045166	818	1041	3.14313
Location1	0.12619	0.463043	819	1042	3.14395
Location1	0.505188	0.343109	820	1043	3.14477
Location1	0.068634	0.277191	821	1044	3.14559
Location1	0.687103	0.277893	822	1045	3.14641
Location0	0.762268	0.884094	822	1046	3.1434
Location1	0.258087	0.0245972	823	1047	3.14422
Location1	0.238922	0.0168762	824	1048	3.14504
Location1	0.03302	0.59613	825	1049	3.14585
Location1	0.587219	0.527252	826	1050	3.14667
Location1	0.603577	0.27655	827	1051	3.14748
Location1	0.277924	0.534729	828	1052	3.14829
Location1	0.516144	0.212311	829	1053	3.1491
Location1	0.0146179	0.999359	830	1054	3.14991
Location1	0.178192	0.818268	831	1055	3.15071
Location1	0.141083	0.624695	832	1056	3.15152
Location1	0.774353	0.154327	833	1057	3.15232
Location1	0.136475	0.497162	834	1058	3.15312
Location0	0.973602	0.928772	834	1059	3.15014
Location1	0.229736	0.367889	835	1060	3.15094
Location1	0.70871	0.285217	836	1061	3.15174
Location0	0.664429	0.983276	836	1062	3.14878
Location1	0.809174	0.028717	837	1063	3.14958
Location1	0.64505	0.370941	838	1064	3.15038
Location1	0.768829	0.447632	839	1065	3.15117
Location1	0.496399	0.486725	840	1066	3.15197
Location1	0.429718	0.387573	841	1067	3.15276
Location1	0.0669556	0.129333	842	1068	3.15356
Location0	0.862946	0.733368	842	1069	3.15061
Location0	0.907776	0.5289	842	1070	3.14766
Location1	0.22818	0.955627	843	1071	3.14846
Location1	0.257965	0.515533	844	1072	3.14925
Location0	0.892975	0.877869	844	1073	3.14632
Location1	0.36795	0.674286	845	1074	3.14711
Location1	0.593109	0.320862	846	1075	3.14791
Location1	0.192169	0.392487	847	1076	3.1487
Location0	0.914886	0.779816	847	1077	3.14578
Location0	0.98172	0.206207	847	1078	3.14286
Location0	0.881531	0.79126	847	1079	3.13994
Location1	0.809143	0.351624	848	1080	3.14074
Location1	0.923676	0.145599	849	1081	3.14154
Location0	0.555634	0.927673	849	1082	3.13863
Location1	0.0164795	0.601593	850	1083	3.13943
Location1	0.392792	0.576416	851	1084	3.14022
Location1	0.26355	0.258942	852	1085	3.14101
Location1	0.289398	0.0871277	853	1086	3.1418
Location1	0.709686	0.245544	854	1087	3.14259
Location0	0.575256	0.830505	854	1088	3.13971
Location0	0.663177	0.875275	854	1089	3.13682
Location1	0.0924072	0.429199	855	1090	3.13761
Location1	0.309265	0.93277	856	1091	3.13841
Location0	0.965942	0.570953	856	1092	3.13553
Location1	0.895752	0.241425	857	1093	3.13632
Location1	0.524933	0.370544	858	1094	3.13711
Location1	0.272278	0.170898	859	1095	3.1379
Location1	0.405212	0.186676	860	1096	3.13869
Location1	0.0641785	0.240112	861	1097	3.13947
Location1	0.364777	0.300568	862	1098	3.14026
Location1	0.262512	0.472534	863	1099	3.14104
Location1	0.843536	0.361603	864	1100	3.14182
Location1	0.51123	0.659363	865	1101	3.1426
Location1	0.798462	0.00726318	866	1102	3.14338
Location1	0.873016	0.187317	867	1103	3.14415
Location0	0.845184	0.562927	867	1104	3.1413
Location1	0.354736	0.587189	868	1105	3.14208
Location1	0.237762	0.227966	869	1106	3.14286
Location0	0.973907	0.459045	869	1107	3.14002
Location1	0.717285	0.654541	870	1108	3.14079
Location0	0.647614	0.931061	870	1109	3.13796
Location1	0.761108	0.325134	871	1110	3.13874
Location1	0.684814	0.307465	872	1111	3.13951
Location1	0.263611	0.635162	873	1112	3.14029
Location1	0.163269	0.0624084	874	1113	3.14106
Location1	0.179932	0.0870667	875	1114	3.14183
Location0	0.972748	0.835571	875	1115	3.13901
Location1	0.163605	0.501709	876	1116	3.13978
Location1	0.80542	0.586212	877	1117	3.14056
Location1	0.730072	0.653839	878	1118	3.14132
Location0	0.874664	0.561493	878	1119	3.13852
Location0	0.976196	0.237549	878	1120	3.13571
Location1	0.643616	0.235504	879	1121	3.13649
Location1	0.388275	0.567963	880	1122	3.13725
Location1	0.345062	0.875488	881	1123	3.13802
Location0	0.768738	0.92572	881	1124	3.13523
Location0	0.57309	0.8909	881	1125	3.13244
Location0	0.813538	0.950134	881	1126	3.12966
Location1	0.728729	0.622162	882	1127	3.13043
Location0	0.370911	0.987366	882	1128	3.12766
Location1	0.600037	0.725067	883	1129	3.12843
Location0	0.913422	0.80014	883	1130	3.12566
Location0	0.858398	0.80722	883	1131	3.1229
Location1	0.253662	0.544861	884	1132	3.12367
Location1	0.751862	0.472412	885	1133	3.12445
Location1	0.035675	0.422607	886	1134	3.12522
Location1	0.777313	0.429779	887	1135	3.12599
Location1	0.0329895	0.910217	888	1136	3.12676
Location0	0.612152	0.823456	888	1137	3.12401
Location0	0.784424	0.977661	888	1138	3.12127
Location1	0.0870361	0.43924	889	1139	3.12204
Location1	0.59906	0.198181	890	1140	3.12281
Location0	0.480957	0.944458	890	1141	3.12007
Location1	0.461731	0.156891	891	1142	3.12084
Location0	0.919891	0.817322	891	1143	3.11811
Location1	0.869934	0.0647888	892	1144	3.11888
Location1	0.159943	0.121918	893	1145	3.11965
Location1	0.133881	0.983978	894	1146	3.12042
Location1	0.536865	0.785156	895	1147	3.12119
Location1	0.170532	0.570404	896	1148	3.12195
Location1	0.362488	0.532043	897	1149	3.12272
Location1	0.322937	0.74054	898	1150	3.12348
Location1	0.550018	0.135254	899	1151	3.12424
Location1	0.236511	0.168091	900	1152	3.125
Location1	0.74884	0.135437	901	1153	3.12576
Location1	0.322937	0.0169678	902	1154	3.12652
Location0	0.770386	0.688599	902	1155	3.12381
Location0	0.843262	0.816925	902	1156	3.12111
Location1	0.586365	0.696503	903	1157	3.12187
Location1	0.14151	0.888062	904	1158	3.12263
Location0	0.68045	0.876648	904	1159	3.11993
Location1	0.0597534	0.220245	905	1160	3.12069
Location1	0.0346375	0.927948	906	1161	3.12145
Location1	0.0661926	0.213989	907	1162	3.1222
Location1	0.53183	0.448334	908	1163	3.12296
Location1	0.12735	0.188904	909	1164	3.12371
Location1	0.0555115	0.760468	910	1165	3.12446
Location1	0.855743	0.065918	911	1166	3.12521
Location1	0.0680237	0.302155	912	1167	3.12596
Location1	0.963928	0.129608	913	1168	3.12671
Location0	0.948486	0.737122	913	1169	3.12404
Location1	0.556763	0.276886	914	1170	3.12479
Location1	0.871948	0.443146	915	1171	3.12553
Location1	0.292603	0.658173	916	1172	3.12628
Location1	0.510651	0.532959	917	1173	3.12702
Location1	0.944916	0.117523	918	1174	3.12777
Location1	0.338745	0.0650024	919	1175	3.12851
Location1	0.39566	0.337738	920	1176	3.12925
Location0	0.82196	0.599518	920	1177	3.12659
Location1	0.59137	0.0968933	921	1178	3.12733
Location1	0.273224	0.756958	922	1179	3.12807
Location1	0.493561	0.542236	923	1180	3.12881
Location0	0.655426	0.934296	923	1181	3.12616
Location0	0.554321	0.888214	923	1182	3.12352
Location1	0.112762	0.835968	924	1183	3.12426
Location1	0.748749	0.444427	925	1184	3.125
Location0	0.512085	0.975433	925	1185	3.12236
Location1	0.69519	0.37973	926	1186	3.1231
Location0	0.77475	0.803711	926	1187	3.12047
Location1	0.894562	0.129333	927	1188	3.12121
Location1	0.281342	0.621124	928	1189	3.12195
Location0	0.620239	0.850372	928	1190	3.11933
Location1	0.129395	0.928497	929	1191	3.12007
Location1	0.489258	0.832581	930	1192	3.12081
Location1	0.526123	0.374115	931	1193	3.12154
Location1	0.246857	0.270599	932	1194	3.12228
Location1	0.0972595	0.952484	933	1195	3.12301
Location1	0.794739	0.303467	934	1196	3.12375
Location1	0.392883	0.611389	935	1197	3.12448
Location0	0.995026	0.72821	935	1198	3.12187
Location1	0.37204	0.923523	936	1199	3.1226
Location1	0.280609	0.293427	937	1200	3.12333
Location1	0.146912	0.978546	938	1201	3.12406
Location0	0.603638	0.979095	938	1202	3.12146
Location1	0.768127	0.152374	939	1203	3.12219
Location1	0.75296	0.16922	940	1204	3.12292
Location1	0.332336	0.909424	941	1205	3.12365
Location1	0.572021	0.122986	942	1206	3.12438
Location1	0.193268	0.294586	943	1207	3.1251
Location1	0.108368	0.651276	944	1208	3.12583
Location1	0.557526	0.270599	945	1209	3.12655
Location1	0.226227	0.404327	946	1210	3.12727
Location1	0.246338	0.557617	947	1211	3.12799
Location1	0.71283	0.676971	948	1212	3.12871
Location1	0.904907	0.130859	949	1213	3.12943
Location1	0.410553	0.137909	950	1214	3.13015
Location1	0.439819	0.0328064	951	1215	3.13086
Location1	0.405487	0.388763	952	1216	3.13158
Location0	0.966492	0.655914	952	1217	3.12901
Location0	0.803864	0.759796	952	1218	3.12644
Location1	0.0476074	0.152466	953	1219	3.12715
Location1	0.127747	0.247742	954	1220	3.12787
Location1	0.503723	0.127655	955	1221	3.12858
Location1	0.861023	0.00305176	956	1222	3.1293
Location1	0.577515	0.271881	957	1223	3.13001
Location1	0.177063	0.271637	958	1224	3.13072
Location1	0.732758	0.0889893	959	1225	3.13143
Location1	0.379303	0.198486	960	1226	3.13214
Location1	0.869171	0.376312	961	1227	3.13284
Location1	0.085907	0.398315	962	1228	3.13355
Location1	0.234711	0.613098	963	1229	3.13426
Location1	0.689819	0.700531	964	1230	3.13496
Location0	0.816376	0.913086	964	1231	3.13241
Location1	0.12558	0.973907	965	1232	3.13312
Location1	0.490631	0.698151	966	1233	3.13382
Location1	0.473846	0.437866	967	1234	3.13452
Location0	0.714996	0.748566	967	1235	3.13198
Location1	0.435211	0.36615	968	1236	3.13269
Location1	0.0417786	0.786774	969	1237	3.13339
Location1	0.204315	0.589355	970	1238	3.13409
Location1	0.235504	0.250275	971	1239	3.13479
Location0	0.775665	0.702698	971	1240	3.13226
Location1	0.27478	0.410553	972	1241	3.13296
Location1	0.212219	0.384796	973	1242	3.13366
Location1	0.0206299	0.493774	974	1243	3.13435
Location0	0.908386	0.734375	974	1244	3.13183
Location0	0.831726	0.959656	974	1245	3.12932
Location1	0.37796	0.0305786	975	1246	3.13002
Location0	0.908173	0.594879	975	1247	3.12751
Location0	0.599304	0.823425	975	1248	3.125
Location1	0.645325	0.577209	976	1249	3.1257
Location1	0.447784	0.76062	977	1250	3.1264
Location1	0.778351	0.166534	978	1251	3.1271
Location1	0.247864	0.0568848	979	1252	3.1278
Location1	0.599152	0.179016	980	1253	3.12849
Location1	0.975189	0.0121155	981	1254	3.12919
Location1	0.0267944	0.900909	982	1255	3.12988
Location1	0.140717	0.484711	983	1256	3.13057
Location0	0.812714	0.5979	983	1257	3.12808
Location0	0.887329	0.726166	983	1258	3.1256
Location1	0.661987	0.276489	984	1259	3.12629
Location1	0.330872	0.483215	985	1260	3.12698
Location0	0.551666	0.853424	985	1261	3.1245
Location0	0.676453	0.773834	985	1262	3.12203
Location1	0.0279541	0.389954	986	1263	3.12272
Location1	0.141388	0.243317	987	1264	3.12342
Location1	0.762848	0.546265	988	1265	3.12411
Location1	0.216217	0.506683	989	1266	3.1248
Location1	0.152008	0.913391	990	1267	3.12549
Location1	0.294434	0.383698	991	1268	3.12618
Location1	0.23465	0.377869	992	1269	3.12687
Location1	0.203186	0.432648	993	1270	3.12756
Location1	0.717316	0.176178	994	1271	3.12825
Location1	0.6651	0.68924	995	1272	3.12893
Location1	0.381989	0.7948	996	1273	3.12962
Location1	0.223236	0.0168152	997	1274	3.1303
Location1	0.660583	0.372101	998	1275	3.13098
Location0	0.660309	0.974213	998	1276	3.12853
Location0	0.656494	0.758545	998	1277	3.12608
Location1	0.442902	0.6073	999	1278	3.12676
Location1	0.394714	0.891327	1000	1279	3.12744
Location1	0.222809	0.0706787	1001	1280	3.12812
Location1	0.581757	0.639771	1002	1281	3.12881
Location0	0.925812	0.485809	1002	1282	3.12637
Location0	0.656494	0.777496	1002	1283	3.12393
Location0	0.459991	0.941528	1002	1284	3.1215
Location1	0.413391	0.238068	1003	1285	3.12218
Location1	0.574097	0.0435791	1004	1286	3.12286
Location0	0.979156	0.309723	1004	1287	3.12044
Location0	0.897827	0.919037	1004	1288	3.11801
Location0	0.424225	0.9263	1004	1289	3.11559
Location1	0.694794	0.0821838	1005	1290	3.11628
Location0	0.790161	0.709595	1005	1291	3.11387
Location1	0.359772	0.0679626	1006	1292	3.11455
Location0	0.814453	0.920319	1006	1293	3.11214
Location1	0.191254	0.239197	1007	1294	3.11283
Location1	0.133728	0.973267	1008	1295	3.11351
Location1	0.470703	0.67392	1009	1296	3.1142
Location1	0.246796	0.67334	1010	1297	3.11488
Location1	0.379578	0.539062	1011	1298	3.11556
Location1	0.0186157	0.828461	1012	1299	3.11624
Location0	0.785736	0.856628	1012	1300	3.11385
Location1	0.00668335	0.395599	1013	1301	3.11453
Location1	0.429932	0.0688171	1014	1302	3.11521
Location1	0.390686	0.816437	1015	1303	3.11589
Location1	0.54425	0.308167	1016	1304	3.11656
Location0	0.787323	0.6987	1016	1305	3.11418
Location1	0.433075	0.778931	1017	1306	3.11485
Location1	0.730621	0.499207	1018	1307	3.11553
Location1	0.0486755	0.156281	1019	1308	3.11621
Location1	0.0999756	0.365417	1020	1309	3.11688
Location1	0.0916748	0.409058	1021	1310	3.11756
Location1	0.276459	0.79129	1022	1311	3.11823
Location0	0.668518	0.952728	1022	1312	3.11585
Location1	0.30899	0.243958	1023	1313	3.11653
Location1	0.0367432	0.538788	1024	1314	3.1172
Location1	0.87146	0.417053	1025	1315	3.11787
Location1	0.469208	0.786438	1026	1316	3.11854
Location1	0.292114	0.2677	1027	1317	3.11921
Location0	0.769043	0.763489	1027	1318	3.11684
Location1	0.436554	0.492493	1028	1319	3.11751
Location1	0.465912	0.521881	1029	1320	3.11818
Location1	0.725433	0.599548	1030	1321	3.11885
Location0	0.225494	0.995026	1030	1322	3.11649
Location1	0.0681458	0.23233	1031	1323	3.11716
Location1	0.502655	0.162292	1032	1324	3.11782
Location0	0.993774	0.901642	1032	1325	3.11547
Location0	0.970581	0.887604	1032	1326	3.11312
Location0	0.760681	0.782196	1032	1327	3.11078
Location1	0.756012	0.338013	1033	1328	3.11145
Location0	0.725647	0.729767	1033	1329	3.1091
Location1	0.0127563	0.388519	1034	1330	3.10977
Location1	0.754303	0.175415	1035	1331	3.11044
Location0	0.864166	0.919708	1035	1332	3.10811
Location1	0.953522	0.0528564	1036	1333	3.10878
Location1	0.245911	0.41394	1037	1334	3.10945
Location1	0.507599	0.415222	1038	1335	3.11011
Location0	0.680695	0.756744	1038	1336	3.10778
Location0	0.898987	0.897644	1038	1337	3.10546
Location1	0.515594	0.649628	1039	1338	3.10613
Location1	0.295197	0.681732	1040	1339	3.1068
Location1	0.653595	0.540314	1041	1340	3.10746
Location1	0.382843	0.118164	1042	1341	3.10813
Location1	0.310608	0.476868	1043	1342	3.10879
Location1	0.430328	0.66394	1044	1343	3.10946
Location0	0.829102	0.791901	1044	1344	3.10714
Location1	0.86026	0.290161	1045	1345	3.10781
Location1	0.0794067	0.0231018	1046	1346	3.10847
Location1	0.112701	0.0168152	1047	1347	3.10913
Location0	0.480591	0.97641	1047	1348	3.10682
Location1	0.0810242	0.730804	1048	1349	3.10749
Location1	0.171356	0.337799	1049	1350	3.10815
Location0	0.90097	0.943298	1049	1351	3.10585
Location1	0.36261	0.740509	1050	1352	3.10651
Location1	0.374603	0.643036	1051	1353	3.10717
Location1	0.403229	0.693207	1052	1354	3.10783
Location0	0.810425	0.901306	1052	1355	3.10554
Location1	0.5896	0.27597	1053	1356	3.10619
Location1	0.560364	0.385315	1054	1357	3.10685
Location1	0.250732	0.0101013	1055	1358	3.10751
Location1	0.0357056	0.435852	1056	1359	3.10817
Location1	0.139954	0.807831	1057	1360	3.10882
Location1	0.482605	0.865875	1058	1361	3.10948
Location1	0.664612	0.4086	1059	1362	3.11013
Location1	0.298492	0.135895	1060	1363	3.11079
Location0	0.984802	0.207733	1060	1364	3.1085
Location1	0.170929	0.0625305	1061	1365	3.10916
Location0	0.51239	0.884003	1061	1366	3.10688
Location0	0.819977	0.716644	1061	1367	3.10461
Location0	0.84201	0.732239	1061	1368	3.10234
Location1	0.625214	0.667053	1062	1369	3.10299
Location1	0.644562	0.107422	1063	1370	3.10365
Location1	0.918762	0.226318	1064	1371	3.1043
Location0	0.555115	0.886108	1064	1372	3.10204
Location1	0.2258	0.854675	1065	1373	3.10269
Location1	0.58606	0.351776	1066	1374	3.10335
Location1	0.233307	0.378387	1067	1375	3.104
Location1	0.0970459	0.410431	1068	1376	3.10465
Location1	0.768738	0.178802	1069	1377	3.1053
Location0	0.852631	0.542297	1069	1378	3.10305
Location1	0.569702	0.00845337	1070	1379	3.1037
Location1	0.199249	0.396179	1071	1380	3.10435
Location1	0.125854	0.590271	1072	1381	3.105
Location1	0.892365	0.432617	1073	1382	3.10564
Location1	0.374298	0.656342	1074	1383	3.10629
Location1	0.605469	0.522217	1075	1384	3.10694
Location1	0.529907	0.582184	1076	1385	3.10758
Location0	0.651917	0.905243	1076	1386	3.10534
Location1	0.83139	0.273193	1077	1387	3.10598
Location0	0.950714	0.418793	1077	1388	3.10375
Location1	0.484863	0.459167	1078	1389	3.10439
Location1	0.768036	0.397644	1079	1390	3.10504
Location1	0.585815	0.0533752	1080	1391	3.10568
Location1	0.265076	0.15564	1081	1392	3.10632
Location1	0.300903	0.732117	1082	1393	3.10696
Location1	0.383942	0.452789	1083	1394	3.1076
Location1	0.0906372	0.391571	1084	1395	3.10824
Location1	0.102722	0.855438	1085	1396	3.10888
Location1	0.254578	0.637543	1086	1397	3.10952
Location1	0.590759	0.39502	1087	1398	3.11016
Location0	0.579803	0.964844	1087	1399	3.10793
Location1	0.295807	0.431946	1088	1400	3.10857
Location1	0.374146	0.782257	1089	1401	3.10921
Location1	0.493866	0.130859	1090	1402	3.10984
Location0	0.665771	0.939636	1090	1403	3.10763
Location1	0.333313	0.453369	1091	1404	3.10826
Location0	0.849548	0.912872	1091	1405	3.10605
Location1	0.904327	0.0747681	1092	1406	3.10669
Location1	0.562286	0.303772	1093	1407	3.10732
Location1	0.36496	0.130585	1094	1408	3.10795
Location1	0.067627	0.810242	1095	1409	3.10859
Location1	0.655273	0.19986	1096	1410	3.10922
Location1	0.931854	0.323547	1097	1411	3.10985
Location1	0.830231	0.430511	1098	1412	3.11048
Location1	0.272247	0.309021	1099	1413	3.11111
Location1	0.543396	0.213867	1100	1414	3.11174
Location1	0.358551	0.125732	1101	1415	3.11237
Location1	0.712097	0.31424	1102	1416	3.11299
Location1	0.849579	0.442352	1103	1417	3.11362
Location0	0.895294	0.85968	1103	1418	3.11142
Location1	0.445557	0.404602	1104	1419	3.11205
Location1	0.416046	0.100464	1105	1420	3.11268
Location1	0.238037	0.711151	1106	1421	3.1133
Location1	0.75882	0.341309	1107	1422	3.11392
Location1	0.537933	0.253906	1108	1423	3.11455
Location1	0.273956	0.953705	1109	1424	3.11517
Location1	0.463684	0.478851	1110	1425	3.11579
Location0	0.719604	0.874603	1110	1426	3.1136
Location1	0.0701904	0.124023	1111	1427	3.11423
Location1	0.673035	0.497589	1112	1428	3.11485
Location1	0.300201	0.490753	1113	1429	3.11547
Location1	0.342316	0.363007	1114	1430	3.11608
Location0	0.538971	0.903961	1114	1431	3.11391
Location1	0.809631	0.553101	1115	1432	3.11453
Location1	0.0540466	0.518707	1116	1433	3.11514
Location1	0.237305	0.198425	1117	1434	3.11576
Location1	0.100708	0.128296	1118	1435	3.11638
Location1	0.0682678	0.00192261	1119	1436	3.11699
Location1	0.974823	0.130615	1120	1437	3.11761
Location1	0.75174	0.186859	1121	1438	3.11822
Location1	0.794281	0.309265	1122	1439	3.11883
Location1	0.0254517	0.774658	1123	1440	3.11944
Location1	0.290131	0.584869	1124	1441	3.12006
Location1	0.286133	0.599335	1125	1442	3.12067
Location1	0.388702	0.393799	1126	1443	3.12128
Location1	0.0786133	0.964172	1127	1444	3.12188
Location0	0.865967	0.849915	1127	1445	3.11972
Location1	0.235809	0.347626	1128	1446	3.12033
Location1	0.855652	0.345642	1129	1447	3.12094
Location1	0.700012	0.0638428	1130	1448	3.12155
Location1	0.49176	0.748932	1131	1449	3.12215
Location1	0.557251	0.285004	1132	1450	3.12276
Location1	0.467377	0.852173	1133	1451	3.12336
Location1	0.315674	0.330811	1134	1452	3.12397
Location1	0.790588	0.229126	1135	1453	3.12457
Location0	0.959442	0.63208	1135	1454	3.12242
Location1	0.519043	0.156586	1136	1455	3.12302
Location1	0.809174	0.274323	1137	1456	3.12363
Location0	0.754211	0.75647	1137	1457	3.12148
Location1	0.720367	0.527588	1138	1458	3.12209
Location1	0.676636	0.0149536	1139	1459	3.12269
Location1	0.650787	0.268982	1140	1460	3.12329
Location0	0.903442	0.835052	1140	1461	3.12115
Location1	0.128418	0.70401	1141	1462	3.12175
Location0	0.949493	0.778168	1141	1463	3.11962
Location1	0.651062	0.292969	1142	1464	3.12022
Location1	0.0731201	0.651794	1143	1465	3.12082
Location1	0.548706	0.288635	1144	1466	3.12142
Location1	0.287994	0.598938	1145	1467	3.12202
Location1	0.340088	0.791504	1146	1468	3.12262
Location0	0.822296	0.845795	1146	1469	3.12049
Location1	0.114624	0.729065	1147	1470	3.12109
Location0	0.806213	0.763947	1147	1471	3.11897
Location0	0.971069	0.664886	1147	1472	3.11685
Location1	0.469482	0.403076	1148	1473	3.11745
Location1	0.0440369	0.844177	1149	1474	3.11805
Location1	0.629608	0.150848	1150	1475	3.11864
Location1	0.149506	0.381958	1151	1476	3.11924
Location0	0.752686	0.675873	1151	1477	3.11713
Location0	0.580902	0.999847	1151	1478	3.11502
Location1	0.367584	0.810181	1152	1479	3.11562
Location1	0.086853	0.218292	1153	1480	3.11622
Location1	0.114716	0.527313	1154	1481	3.11681
Location1	0.561584	0.409729	1155	1482	3.11741
Location1	0.211243	0.672546	1156	1483	3.118
Location1	0.479675	0.619568	1157	1484	3.1186
Location1	0.613159	0.601013	1158	1485	3.11919
Location1	0.606201	0.561005	1159	1486	3.11978
Location1	0.656067	0.380585	1160	1487	3.12038
Location1	0.0133362	0.689728	1161	1488	3.12097
Location1	0.455658	0.715363	1162	1489	3.12156
Location0	0.93512	0.765198	1162	1490	3.11946
Location1	0.849396	0.246002	1163	1491	3.12005
Location1	0.491058	0.804321	1164	1492	3.12064
Location1	0.160065	0.383331	1165	1493	3.12123
Location0	0.810364	0.834015	1165	1494	3.11914
Location1	0.563293	0.331573	1166	1495	3.11973
Location1	0.587708	0.348846	1167	1496	3.12032
Location1	0.339508	0.456848	1168	1497	3.12091
Location0	0.601929	0.880005	1168	1498	3.11883
Location0	0.792084	0.658203	1168	1499	3.11674
Location1	0.228821	0.581879	1169	1500	3.11733
Location1	0.112671	0.896332	1170	1501	3.11792
Location1	0.479309	0.242401	1171	1502	3.11851
Location0	0.975067	0.537018	1171	1503	3.11643
Location1	0.594421	0.623535	1172	1504	3.11702
Location1	0.138824	0.665253	1173	1505	3.11761
Location1	0.727814	0.537964	1174	1506	3.11819
Location1	0.844055	0.0262756	1175	1507	3.11878
Location1	0.747925	0.568604	1176	1508	3.11936
Location1	0.278137	0.749725	1177	1509	3.11995
Location0	0.690033	0.836639	1177	1510	3.11788
Location0	0.89624	0.513489	1177	1511	3.11582
Location0	0.890167	0.724884	1177	1512	3.11376
Location1	0.876617	0.302917	1178	1513	3.11434
Location0	0.332123	0.962372	1178	1514	3.11229
Location1	0.491669	0.422363	1179	1515	3.11287
Location0	0.238129	0.976532	1179	1516	3.11082
Location0	0.676514	0.914642	1179	1517	3.10877
Location0	0.435425	0.919067	1179	1518	3.10672
Location1	0.575958	0.0450134	1180	1519	3.10731
Location1	0.528992	0.272186	1181	1520	3.10789
Location1	0.351257	0.00595093	1182	1521	3.10848
Location1	0.412659	0.44101	1183	1522	3.10907
Location1	0.0279236	0.498749	1184	1523	3.10965
Location1	0.148926	0.238434	1185	1524	3.11024
Location1	0.665741	0.348511	1186	1525	3.11082
Location0	0.749451	0.669037	1186	1526	3.10878
Location0	0.632324	0.808319	1186	1527	3.10675
Location0	0.887115	0.917969	1186	1528	3.10471
Location1	0.261475	0.70932	1187	1529	3.1053
Location1	0.0707703	0.95108	1188	1530	3.10588
Location1	0.67746	0.112762	1189	1531	3.10647
Location1	0.314545	0.632843	1190	1532	3.10705
Location1	0.0666504	0.620087	1191	1533	3.10763
Location0	0.832153	0.767914	1191	1534	3.10561
Location0	0.177734	0.997589	1191	1535	3.10358
Location0	0.788025	0.97287	1191	1536	3.10156
Location1	0.331451	0.27182	1192	1537	3.10215
Location0	0.636322	0.78418	1192	1538	3.10013
Location0	0.721527	0.951782	1192	1539	3.09812
Location1	0.07901	0.908875	1193	1540	3.0987
Location1	0.287994	0.534424	1194	1541	3.09929
Location1	0.174469	0.0239258	1195	1542	3.09987
Location0	0.943634	0.949707	1195	1543	3.09786
Location1	0.627563	0.0308533	1196	1544	3.09845
Location1	0.435699	0.101105	1197	1545	3.09903
Location1	0.792694	0.171478	1198	1546	3.09961
Location1	0.623077	0.158295	1199	1547	3.10019
Location0	0.421143	0.911407	1199	1548	3.09819
Location1	0.451324	0.757965	1200	1549	3.09877
Location0	0.683441	0.997253	1200	1550	3.09677
Location1	0.40567	0.769012	1201	1551	3.09736
Location1	0.498718	0.593994	1202	1552	3.09794
Location0	0.724182	0.778595	1202	1553	3.09594
Location0	0.701813	0.908539	1202	1554	3.09395
Location1	0.151672	0.954895	1203	1555	3.09453
Location1	0.0794983	0.206085	1204	1556	3.09512
Location1	0.516174	0.443451	1205	1557	3.0957
Location0	0.807098	0.625122	1205	1558	3.09371
Location0	0.908569	0.952545	1205	1559	3.09173
Location1	0.316864	0.697601	1206	1560	3.09231
Location0	0.747192	0.68457	1206	1561	3.09033
Location1	0.129059	0.980316	1207	1562	3.09091
Location1	0.508514	0.269226	1208	1563	3.09149
Location1	0.677338	0.704102	1209	1564	3.09207
Location1	0.404968	0.85495	1210	1565	3.09265
Location0	0.659454	0.846588	1210	1566	3.09068
Location1	0.791229	0.0148315	1211	1567	3.09126
Location0	0.944519	0.535187	1211	1568	3.08929
Location1	0.580475	0.623138	1212	1569	3.08987
Location1	0.568359	0.18634	1213	1570	3.09045
Location1	0.451447	0.358978	1214	1571	3.09102
Location1	0.847839	0.287537	1215	1572	3.0916
Location0	0.12796	0.992828	1215	1573	3.08964
Location1	0.145599	0.227753	1216	1574	3.09022
Location1	0.511719	0.112976	1217	1575	3.09079
Location1	0.316559	0.0834656	1218	1576	3.09137
Location0	0.950104	0.447266	1218	1577	3.08941
Location1	0.367157	0.765533	1219	1578	3.08999
Location1	0.419952	0.436951	1220	1579	3.09056
Location1	0.358765	0.434021	1221	1580	3.09114
Location1	0.908295	0.218842	1222	1581	3.09171
Location1	0.0866089	0.58667	1223	1582	3.09229
Location0	0.772156	0.671753	1223	1583	3.09033
Location1	0.565125	0.727356	1224	1584	3.09091
Location1	0.357635	0.683685	1225	1585	3.09148
Location1	0.85144	0.0212402	1226	1586	3.09206
Location1	0.660126	0.296051	1227	1587	3.09263
Location1	0.237793	0.84198	1228	1588	3.0932
Location1	0.307098	0.881042	1229	1589	3.09377
Location1	0.344543	0.618256	1230	1590	3.09434
Location1	0.643951	0.00842285	1231	1591	3.09491
Location1	0.144531	0.88501	1232	1592	3.09548
Location1	0.204865	0.15799	1233	1593	3.09605
Location0	0.450623	0.946289	1233	1594	3.0941
Location1	0.349762	0.934235	1234	1595	3.09467
Location1	0.897308	0.0555115	1235	1596	3.09524
Location0	0.348297	0.938812	1235	1597	3.0933
Location0	0.94754	0.51947	1235	1598	3.09136
Location0	0.692474	0.957825	1235	1599	3.08943
Location0	0.956451	0.632721	1235	1600	3.0875
Location0	0.919128	0.619629	1235	1601	3.08557
Location0	0.822754	0.847992	1235	1602	3.08365
Location1	0.723267	0.179504	1236	1603	3.08422
Location1	0.25943	0.089386	1237	1604	3.08479
Location1	0.643738	0.58783	1238	1605	3.08536
Location1	0.214722	0.614166	1239	1606	3.08593
Location1	0.102386	0.497467	1240	1607	3.0865
Location1	0.474792	0.329987	1241	1608	3.08706
Location1	0.0780945	0.366791	1242	1609	3.08763
Location0	0.979309	0.973053	1242	1610	3.08571
Location1	0.196686	0.314972	1243	1611	3.08628
Location1	0.881104	0.0541077	1244	1612	3.08685
Location0	0.518158	0.885193	1244	1613	3.08493
Location0	0.881226	0.978241	1244	1614	3.08302
Location1	0.802399	0.372345	1245	1615	3.08359
Location1	0.870728	0.244598	1246	1616	3.08416
Location0	0.534821	0.871613	1246	1617	3.08225
Location1	0.410309	0.13269	1247	1618	3.08282
Location1	0.492706	0.703857	1248	1619	3.08338
Location1	0.0789795	0.780945	1249	1620	3.08395
Location1	0.134186	0.374207	1250	1621	3.08452
Location1	0.223175	0.0644531	1251	1622	3.08508
Location1	0.590424	0.720032	1252	1623	3.08564
Location1	0.137695	0.17746	1253	1624	3.08621
Location1	0.542725	0.404999	1254	1625	3.08677
Location1	0.20932	0.327515	1255	1626	3.08733
Location1	0.765656	0.414429	1256	1627	3.08789
Location1	0.0545044	0.446747	1257	1628	3.08845
Location1	0.61734	0.709564	1258	1629	3.08901
Location1	0.18277	0.327515	1259	1630	3.08957
Location1	0.258453	0.69577	1260	1631	3.09013
Location1	0.2164	0.087738	1261	1632	3.09069
Location0	0.880646	0.661621	1261	1633	3.08879
Location1	0.198334	0.37262	1262	1634	3.08935
Location0	0.726471	0.845001	1262	1635	3.08746
Location1	0.0189209	0.199127	1263	1636	3.08802
Location1	0.18103	0.282349	1264	1637	3.08858
Location1	0.493164	0.849152	1265	1638	3.08913
Location1	0.717651	0.09729	1266	1639	3.08969
Location1	0.119812	0.717712	1267	1640	3.09024
Location0	0.977844	0.385101	1267	1641	3.08836
Location1	0.0529785	0.522583	1268	1642	3.08892
Location1	0.767792	0.34903	1269	1643	3.08947
Location1	0.318176	0.781464	1270	1644	3.09002
Location1	0.251587	0.844849	1271	1645	3.09058
Location0	0.803619	0.963043	1271	1646	3.0887
Location1	0.123322	0.989929	1272	1647	3.08925
Location1	0.0581665	0.217957	1273	1648	3.08981
Location1	0.0389404	0.992798	1274	1649	3.09036
Location1	0.427307	0.0963745	1275	1650	3.09091
Location1	0.0888672	0.859985	1276	1651	3.09146
Location1	0.558044	0.157715	1277	1652	3.09201
Location1	0.59314	0.135773	1278	1653	3.09256
Location0	0.804291	0.87973	1278	1654	3.09069
Location0	0.999939	0.331573	1278	1655	3.08882
Location1	0.563965	0.772247	1279	1656	3.08937
Location1	0.168915	0.200928	1280	1657	3.08992
Location1	0.078949	0.102448	1281	1658	3.09047
Location1	0.820587	0.516479	1282	1659	3.09102
Location1	0.729004	0.137604	1283	1660	3.09157
Location1	0.432831	0.505127	1284	1661	3.09211
Location1	0.35141	0.311798	1285	1662	3.09266
Location1	0.366058	0.597778	1286	1663	3.09321
Location1	0.616974	0.222504	1287	1664	3.09375
Location1	0.498199	0.649567	1288	1665	3.09429
Location0	0.993958	0.863739	1288	1666	3.09244
Location1	0.150482	0.28714	1289	1667	3.09298
Location1	0.33136	0.00161743	1290	1668	3.09353
Location1	0.585571	0.539246	1291	1669	3.09407
Location1	0.592285	0.0987549	1292	1670	3.09461
Location1	0.859436	0.406586	1293	1671	3.09515
Location0	0.769226	0.693878	1293	1672	3.0933
Location1	0.307587	0.527557	1294	1673	3.09384
Location1	0.512024	0.642578	1295	1674	3.09438
Location1	0.447693	0.595734	1296	1675	3.09493
Location1	0.500122	0.125793	1297	1676	3.09547
Location1	0.579285	0.68576	1298	1677	3.096
Location1	0.0901184	0.832062	1299	1678	3.09654
Location1	0.861877	0.143646	1300	1679	3.09708
Location1	0.269989	0.219727	1301	1680	3.09762
Location1	0.153229	0.197601	1302	1681	3.09816
Location1	0.451263	0.265808	1303	1682	3.09869
Location0	0.388092	0.946045	1303	1683	3.09685
Location1	0.130096	0.607056	1304	1684	3.09739
Location0	0.779663	0.878693	1304	1685	3.09555
Location0	0.949219	0.480103	1304	1686	3.09371
Location1	0.624481	0.587189	1305	1687	3.09425
Location1	0.190887	0.366608	1306	1688	3.09479
Location0	0.991699	0.821228	1306	1689	3.09295
Location1	0.233337	0.749664	1307	1690	3.09349
Location1	0.079071	0.546997	1308	1691	3.09403
Location1	0.00088501	0.887878	1309	1692	3.09456
Location1	0.515411	0.163361	1310	1693	3.0951
Location1	0.93985	0.0133057	1311	1694	3.09563
Location1	0.392303	0.53302	1312	1695	3.09617
Location0	0.55072	0.859283	1312	1696	3.09434
Location0	0.305023	0.983826	1312	1697	3.09252
Location1	0.00842285	0.924866	1313	1698	3.09305
Location1	0.184753	0.937531	1314	1699	3.09358
Location1	0.901825	0.381531	1315	1700	3.09412
Location1	0.203033	0.321411	1316	1701	3.09465
Location1	0.623383	0.0289307	1317	1702	3.09518
Location1	0.529694	0.419525	1318	1703	3.09571
Location1	0.440552	0.20575	1319	1704	3.09624
Location1	0.225464	0.31955	1320	1705	3.09677
Location1	0.780212	0.061615	1321	1706	3.0973
Location1	0.0508728	0.611725	1322	1707	3.09783
Location1	0.756989	0.0969238	1323	1708	3.09836
Location1	0.471954	0.495789	1324	1709	3.09889
Location1	0.477081	0.376312	1325	1710	3.09942
Location0	0.64505	0.952637	1325	1711	3.0976
Location1	0.148804	0.322144	1326	1712	3.09813
Location1	0.660858	0.136414	1327	1713	3.09866
Location1	0.530945	0.494507	1328	1714	3.09918
Location0	0.829773	0.643677	1328	1715	3.09738
Location1	0.750244	0.263733	1329	1716	3.0979
Location1	0.28949	0.815857	1330	1717	3.09843
Location1	0.0192871	0.781616	1331	1718	3.09895
Location0	0.715942	0.730957	1331	1719	3.09715
Location1	0.286041	0.157806	1332	1720	3.09767
Location1	0.419281	0.0412598	1333	1721	3.0982
Location1	0.346313	0.24765	1334	1722	3.09872
Location1	0.60553	0.312622	1335	1723	3.09925
Location0	0.450256	0.957306	1335	1724	3.09745
Location1	0.0858459	0.0221558	1336	1725	3.09797
Location0	0.934418	0.473053	1336	1726	3.09618
Location1	0.214111	0.870575	1337	1727	3.0967
Location1	0.910217	0.320374	1338	1728	3.09722
Location1	0.334259	0.564789	1339	1729	3.09774
Location1	0.540558	0.659546	1340	1730	3.09827
Location1	0.518738	0.727814	1341	1731	3.09879
Location0	0.935394	0.723663	1341	1732	3.097
Location1	0.87912	0.0917358	1342	1733	3.09752
Location1	0.197784	0.805756	1343	1734	3.09804
Location1	0.230377	0.630188	1344	1735	3.09856
Location1	0.651428	0.700592	1345	1736	3.09908
Location1	0.38974	0.786469	1346	1737	3.0996
Location1	0.781433	0.00817871	1347	1738	3.10012
Location0	0.891724	0.453644	1347	1739	3.09833
Location1	0.918854	0.20459	1348	1740	3.09885
Location1	0.40033	0.862854	1349	1741	3.09937
Location1	0.200775	0.88681	1350	1742	3.09989
Location1	0.599762	0.0360718	1351	1743	3.1004
Location1	0.837158	0.0974731	1352	1744	3.10092
Location0	0.845032	0.959625	1352	1745	3.09914
Location1	0.21524	0.136017	1353	1746	3.09966
Location1	0.353424	0.134521	1354	1747	3.10017
Location0	0.873535	0.762543	1354	1748	3.0984
Location1	0.218292	0.660095	1355	1749	3.09891
Location1	0.875854	0.200256	1356	1750	3.09943
Location1	0.0263367	0.50708	1357	1751	3.09994
Location0	0.617035	0.84314	1357	1752	3.09817
Location1	0.359802	0.136444	1358	1753	3.09869
Location1	0.591736	0.0749207	1359	1754	3.0992
Location1	0.964417	0.119995	1360	1755	3.09972
Location1	0.157166	0.105652	1361	1756	3.10023
Location0	0.864807	0.919434	1361	1757	3.09846
Location1	0.821381	0.232086	1362	1758	3.09898
Location1	0.208466	0.479645	1363	1759	3.09949
Location1	0.0880432	0.428009	1364	1760	3.1
Location1	0.119171	0.792877	1365	1761	3.10051
Location1	0.389221	0.671265	1366	1762	3.10102
Location1	0.341888	0.0896301	1367	1763	3.10153
Location1	0.137177	0.912811	1368	1764	3.10204
Location0	0.959564	0.813141	1368	1765	3.10028
Location1	0.426819	0.0952148	1369	1766	3.10079
Location1	0.96347	0.0327759	1370	1767	3.1013
Location1	0.419403	0.125702	1371	1768	3.10181
Location0	0.958588	0.453735	1371	1769	3.10006
Location1	0.939514	0.210815	1372	1770	3.10056
Location0	0.78476	0.678131	1372	1771	3.09881
Location1	0.315826	0.458588	1373	1772	3.09932
Location1	0.335052	0.874786	1374	1773	3.09983
Location0	0.99762	0.154602	1374	1774	3.09808
Location1	0.352966	0.513062	1375	1775	3.09859
Location0	0.9776	0.617981	1375	1776	3.09685
Location1	0.488953	0.317657	1376	1777	3.09736
Location1	0.552948	0.0438232	1377	1778	3.09786
Location1	0.398468	0.10025	1378	1779	3.09837
Location1	0.455078	0.23822	1379	1780	3.09888
Location1	0.161774	0.624359	1380	1781	3.09938
Location0	0.880219	0.652039	1380	1782	3.09764
Location1	0.807617	0.159668	1381	1783	3.09815
Location1	0.451416	0.619843	1382	1784	3.09865
Location1	0.221527	0.882141	1383	1785	3.09916
Location1	0.643372	0.210022	1384	1786	3.09966
Location1	0.220184	0.775787	1385	1787	3.10017
Location1	0.701691	0.592712	1386	1788	3.10067
Location1	0.0730286	0.193054	1387	1789	3.10117
Location1	0.587128	0.33139	1388	1790	3.10168
Location1	0.252258	0.72934	1389	1791	3.10218
Location0	0.976807	0.504486	1389	1792	3.10045
Location1	0.692932	0.56842	1390	1793	3.10095
Location1	0.85318	0.0635376	1391	1794	3.10145
Location0	0.343689	0.954651	1391	1795	3.09972
Location1	0.712219	0.33371	1392	1796	3.10022
Location1	0.290009	0.948486	1393	1797	3.10072
Location1	0.921844	0.0633545	1394	1798	3.10122
Location1	0.230896	0.121399	1395	1799	3.10172
Location1	0.262085	0.928314	1396	1800	3.10222
Location1	0.59024	0.34671	1397	1801	3.10272
Location1	0.178223	0.89798	1398	1802	3.10322
Location1	0.0444031	0.341858	1399	1803	3.10372
Location1	0.777954	0.368652	1400	1804	3.10421
Location1	0.746887	0.119537	1401	1805	3.10471
Location1	0.103851	0.470673	1402	1806	3.1052
Location1	0.0316162	0.0027771	1403	1807	3.1057
Location1	0.712799	0.455933	1404	1808	3.10619
Location1	0.875854	0.36087	1405	1809	3.10669
Location1	0.0928955	0.571442	1406	1810	3.10718
Location0	0.904388	0.722473	1406	1811	3.10547
Location0	0.94989	0.325531	1406	1812	3.10375
Location1	0.215637	0.421509	1407	1813	3.10425
Location0	0.893707	0.553009	1407	1814	3.10254
Location1	0.811676	0.432892	1408	1815	3.10303
Location1	0.556763	0.185181	1409	1816	3.10352
Location0	0.912628	0.553741	1409	1817	3.10182
Location1	0.67514	0.131409	1410	1818	3.10231
Location0	0.937317	0.586609	1410	1819	3.1006
Location1	0.16394	0.178223	1411	1820	3.1011
Location1	0.431152	0.680908	1412	1821	3.10159
Location1	0.717957	0.311981	1413	1822	3.10209
Location1	0.722504	0.488831	1414	1823	3.10258
Location0	0.969025	0.372009	1414	1824	3.10088
Location1	0.588745	0.291901	1415	1825	3.10137
Location1	0.731323	0.43988	1416	1826	3.10186
Location0	0.713562	0.754486	1416	1827	3.10016
Location1	0.365601	0.871155	1417	1828	3.10066
Location1	0.216217	0.460663	1418	1829	3.10115
Location1	0.794128	0.376129	1419	1830	3.10164
Location1	0.0346069	0.890228	1420	1831	3.10213
Location1	0.196991	0.0556946	1421	1832	3.10262
Location0	0.442841	0.990784	1421	1833	3.10093
Location0	0.921448	0.798248	1421	1834	3.09924
Location1	0.485107	0.00143433	1422	1835	3.09973
Location0	0.635315	0.944519	1422	1836	3.09804
Location1	0.606537	0.684967	1423	1837	3.09853
Location1	0.255859	0.626038	1424	1838	3.09902
Location1	0.262665	0.624298	1425	1839	3.09951
Location1	0.685242	0.683624	1426	1840	3.1
Location0	0.78891	0.739655	1426	1841	3.09832
Location0	0.883942	0.572418	1426	1842	3.09663
Location1	0.310577	0.682831	1427	1843	3.09712
Location1	0.31311	0.159271	1428	1844	3.09761
Location0	0.975616	0.264435	1428	1845	3.09593
Location1	0.277649	0.819122	1429	1846	3.09642
Location1	0.290527	0.570831	1430	1847	3.09691
Location1	0.200653	0.73642	1431	1848	3.0974
Location0	0.841309	0.926636	1431	1849	3.09573
Location1	0.360779	0.817657	1432	1850	3.09622
Location1	0.180237	0.3591	1433	1851	3.0967
Location1	0.123932	0.121948	1434	1852	3.09719
Location1	0.159943	0.720886	1435	1853	3.09768
Location1	0.200195	0.214874	1436	1854	3.09817
Location1	0.496124	0.127197	1437	1855	3.09865
Location0	0.957367	0.352905	1437	1856	3.09698
Location0	0.839844	0.863617	1437	1857	3.09532
Location1	0.322449	0.903839	1438	1858	3.0958
Location1	0.140991	0.420776	1439	1859	3.09629
Location1	0.302429	0.909851	1440	1860	3.09677
Location0	0.583893	0.812561	1440	1861	3.09511
Location1	0.65506	0.199615	1441	1862	3.0956
Location0	0.876556	0.833374	1441	1863	3.09393
Location0	0.74176	0.955109	1441	1864	3.09227
Location1	0.174652	0.411346	1442	1865	3.09276
Location1	0.0929871	0.140106	1443	1866	3.09325
Location1	0.421356	0.713501	1444	1867	3.09373
Location1	0.717987	0.696045	1445	1868	3.09422
Location1	0.384644	0.158997	1446	1869	3.0947
Location0	0.689911	0.911713	1446	1870	3.09305
Location0	0.173096	0.996826	1446	1871	3.09139
Location1	0.0375671	0.873291	1447	1872	3.09188
Location1	0.511322	0.604431	1448	1873	3.09237
Location1	0.474884	0.400208	1449	1874	3.09285
Location1	0.556549	0.162964	1450	1875	3.09333
Location0	0.999786	0.374176	1450	1876	3.09168
Location0	0.537384	0.866028	1450	1877	3.09004
Location0	0.893402	0.866455	1450	1878	3.08839
Location0	0.996094	0.317688	1450	1879	3.08675
Location1	0.150665	0.970825	1451	1880	3.08723
Location1	0.915802	0.276215	1452	1881	3.08772
Location0	0.874146	0.747284	1452	1882	3.08608
Location1	0.513397	0.399902	1453	1883	3.08656
Location1	0.661804	0.183655	1454	1884	3.08705
Location1	0.980072	0.150879	1455	1885	3.08753
Location1	0.520203	0.581085	1456	1886	3.08802
Location0	0.950073	0.513641	1456	1887	3.08638
Location1	0.33432	0.269409	1457	1888	3.08686
Location0	0.979401	0.68399	1457	1889	3.08523
Location1	0.425415	0.0588684	1458	1890	3.08571
Location1	0.815369	0.385193	1459	1891	3.0862
Location1	0.227753	0.334625	1460	1892	3.08668
Location0	0.738678	0.967102	1460	1893	3.08505
Location1	0.615967	0.199799	1461	1894	3.08553
Location0	0.758728	0.944977	1461	1895	3.08391
Location0	0.91394	0.573853	1461	1896	3.08228
Location1	0.943848	0.13382	1462	1897	3.08276
Location1	0.116669	0.6521	1463	1898	3.08325
Location1	0.667572	0.034729	1464	1899	3.08373
Location1	0.356049	0.632904	1465	1900	3.08421
Location1	0.0519714	0.629456	1466	1901	3.08469
Location1	0.142426	0.118744	1467	1902	3.08517
Location1	0.389832	0.239471	1468	1903	3.08565
Location1	0.412323	0.0971985	1469	1904	3.08613
Location0	0.826324	0.60553	1469	1905	3.08451
Location0	0.914551	0.908386	1469	1906	3.0829
Location1	0.0817261	0.844513	1470	1907	3.08338
Location1	0.965027	0.10498	1471	1908	3.08386
Location1	0.496643	0.439209	1472	1909	3.08434
Location1	0.102264	0.611023	1473	1910	3.08482
Location1	0.180328	0.917572	1474	1911	3.0853
Location1	0.674408	0.0856934	1475	1912	3.08577
Location1	0.544281	0.377899	1476	1913	3.08625
Location0	0.889099	0.898743	1476	1914	3.08464
Location1	0.00128174	0.515686	1477	1915	3.08512
Location1	0.357605	0.623138	1478	1916	3.08559
Location1	0.112274	0.308807	1479	1917	3.08607
Location1	0.664246	0.45166	1480	1918	3.08655
Location1	0.961334	0.0172729	1481	1919	3.08702
Location0	0.992493	0.443787	1481	1920	3.08542
Location1	0.0406189	0.653442	1482	1921	3.08589
Location1	0.338989	0.00857544	1483	1922	3.08637
Location1	0.426208	0.579315	1484	1923	3.08684
Location1	0.346649	0.530212	1485	1924	3.08732
Location1	0.526337	0.387115	1486	1925	3.08779
Location1	0.288116	0.542725	1487	1926	3.08827
Location1	0.183044	0.719177	1488	1927	3.08874
Location1	0.23114	0.359161	1489	1928	3.08921
Location1	0.408661	0.183533	1490	1929	3.08968
Location0	0.916321	0.562683	1490	1930	3.08808
Location1	0.538208	0.0217285	1491	1931	3.08856
Location1	0.379608	0.264923	1492	1932	3.08903
Location1	0.0791931	0.684296	1493	1933	3.0895
Location0	0.84964	0.538116	1493	1934	3.0879
Location1	0.0398254	0.971375	1494	1935	3.08837
Location0	0.952087	0.927612	1494	1936	3.08678
Location1	0.0170593	0.893402	1495	1937	3.08725
Location1	0.75177	0.450439	1496	1938	3.08772
Location0	0.825592	0.909149	1496	1939	3.08613
Location0	0.663849	0.986542	1496	1940	3.08454
Location0	0.949097	0.696838	1496	1941	3.08295
Location1	0.765564	0.468781	1497	1942	3.08342
Location1	0.595215	0.114624	1498	1943	3.08389
Location1	0.539429	0.778259	1499	1944	3.08436
Location1	0.634949	0.50705	1500	1945	3.08483
Location1	0.579437	0.75061	1501	1946	3.0853
Location1	0.208282	0.013031	1502	1947	3.08577
Location1	0.291443	0.200104	1503	1948	3.08624
Location1	0.277191	0.0325317	1504	1949	3.08671
Location1	0.118713	0.367584	1505	1950	3.08718
Location0	0.90683	0.507263	1505	1951	3.0856
Location1	0.324493	0.698334	1506	1952	3.08607
Location1	0.556702	0.172333	1507	1953	3.08653
Location1	0.862061	0.356384	1508	1954	3.087
Location1	0.162933	0.434845	1509	1955	3.08747
Location1	0.364197	0.381409	1510	1956	3.08793
Location1	0.292542	0.035553	1511	1957	3.0884
Location0	0.782898	0.894348	1511	1958	3.08682
Location1	0.151459	0.150116	1512	1959	3.08729
Location1	0.710876	0.258301	1513	1960	3.08776
Location1	0.727264	0.085968	1514	1961	3.08822
Location0	0.915802	0.600433	1514	1962	3.08665
Location1	0.847717	0.23114	1515	1963	3.08711
Location1	0.118713	0.601837	1516	1964	3.08758
Location1	0.437012	0.411377	1517	1965	3.08804
Location0	0.547943	0.960846	1517	1966	3.08647
Location1	0.750061	0.311707	1518	1967	3.08693
Location1	0.299438	0.436829	1519	1968	3.0874
Location1	0.866791	0.118408	1520	1969	3.08786
Location1	0.0353699	0.879913	1521	1970	3.08832
Location1	0.227539	0.0384827	1522	1971	3.08879
Location1	0.0513916	0.153534	1523	1972	3.08925
Location1	0.490479	0.851807	1524	1973	3.08971
Location1	0.244659	0.355804	1525	1974	3.09017
Location1	0.492676	0.153015	1526	1975	3.09063
Location1	0.0133057	0.245789	1527	1976	3.09109
Location1	0.596008	0.439056	1528	1977	3.09155
Location1	0.619019	0.281372	1529	1978	3.09201
Location1	0.198914	0.698669	1530	1979	3.09247
Location1	0.043335	0.174377	1531	1980	3.09293
Location1	0.695587	0.659973	1532	1981	3.09339
Location1	0.869934	0.369904	1533	1982	3.09384
Location1	0.663513	0.352722	1534	1983	3.0943
Location1	0.22287	0.355286	1535	1984	3.09476
Location1	0.560883	0.141052	1536	1985	3.09521
Location1	0.293427	0.205841	1537	1986	3.09567
Location0	0.714996	0.883392	1537	1987	3.09411
Location1	0.485474	0.272919	1538	1988	3.09457
Location1	0.882996	0.375305	1539	1989	3.09502
Location1	0.711609	0.420746	1540	1990	3.09548
Location1	0.165955	0.731964	1541	1991	3.09593
Location0	0.870789	0.718536	1541	1992	3.09438
Location0	0.557831	0.866425	1541	1993	3.09282
Location1	0.0389099	0.993835	1542	1994	3.09328
Location0	0.910583	0.719604	1542	1995	3.09173
Location1	0.403442	0.153412	1543	1996	3.09218
Location1	0.596161	0.398621	1544	1997	3.09264
Location1	0.473602	0.677979	1545	1998	3.09309
Location0	0.647461	0.879547	1545	1999	3.09155
Location1	0.596985	0.197083	1546	2000	3.092
