0	-2.36998e+033	0	-2.57363e+033	0	-2.80869e+033	0	-3.08023e+033	0	-3.39261e+033	
1	-2.38898e+033	1	-2.59802e+033	1	-2.84047e+033	1	-3.1223e+033	1	-3.44906e+033	
2	-2.41081e+033	2	-2.6265e+033	2	-2.87833e+033	2	-3.17357e+033	2	-3.51975e+033	
3	-2.43564e+033	3	-2.6594e+033	3	-2.92283e+033	3	-3.23509e+033	3	-3.60671e+033	
4	-2.46369e+033	4	-2.69708e+033	4	-2.97466e+033	4	-3.30823e+033	4	-3.71267e+033	
5	-2.49522e+033	5	-2.74002e+033	5	-3.03471e+033	5	-3.39475e+033	5	-3.84136e+033	
6	-2.53051e+033	6	-2.78875e+033	6	-3.10407e+033	6	-3.4969e+033	6	-3.99784e+033	
7	-2.56991e+033	7	-2.84396e+033	7	-3.1841e+033	7	-3.61769e+033	7	-4.18919e+033	
8	-2.61384e+033	8	-2.90645e+033	8	-3.27651e+033	8	-3.76107e+033	8	-4.42553e+033	
9	-2.66277e+033	9	-2.97722e+033	9	-3.38351e+033	9	-3.93239e+033	9	-4.72177e+033	
10	-2.7173e+033	10	-3.05749e+033	10	-3.50792e+033	10	-4.13907e+033	10	-5.1008e+033	
11	-2.77812e+033	11	-3.14877e+033	11	-3.65345e+033	11	-4.39158e+033	11	-5.59951e+033	
12	-2.84605e+033	12	-3.25297e+033	12	-3.82503e+033	12	-4.70531e+033	12	-6.28129e+033	
13	-2.9221e+033	13	-3.3725e+033	13	-4.02938e+033	13	-5.10364e+033	13	-7.26413e+033	
14	-3.0075e+033	14	-3.51046e+033	14	-4.27586e+033	14	-5.62387e+033	14	-8.79088e+033	
15	-3.10377e+033	15	-3.6709e+033	15	-4.57787e+033	15	-6.32898e+033	15	-1.14169e+034	
16	-3.2128e+033	16	-3.85922e+033	16	-4.95531e+033	16	-7.33256e+033	16	-1.62768e+034	
17	-3.33695e+033	17	-4.08272e+033	17	-5.43881e+033	17	-8.85419e+033	17	-1.98426e+034	
18	-3.47925e+033	18	-4.35155e+033	18	-6.07765e+033	18	-1.13234e+034	18	-1.19455e+034	
19	-3.64361e+033	19	-4.6802e+033	19	-6.95491e+033	19	-1.51657e+034	19	-7.23888e+033	
20	-3.83519e+033	20	-5.08988e+033	20	-8.21534e+033	20	-1.67205e+034	20	-4.99315e+033	
21	-4.06087e+033	21	-5.61271e+033	21	-1.00981e+034	21	-1.14451e+034	21	-3.77713e+033	
22	-4.33002e+033	22	-6.29867e+033	22	-1.27771e+034	22	-7.55078e+033	22	-3.03027e+033	
23	-4.65573e+033	23	-7.2265e+033	23	-1.47688e+034	23	-5.44163e+033	23	-2.5284e+033	
24	-5.05656e+033	24	-8.51356e+033	24	-1.24073e+034	24	-4.21506e+033	24	-2.1689e+033	
25	-5.55931e+033	25	-1.02735e+034	25	-8.79744e+033	25	-3.43104e+033	25	-1.899e+033	
26	-6.20294e+033	26	-1.22392e+034	26	-6.44635e+033	26	-2.89106e+033	26	-1.68901e+033	
27	-7.0421e+033	27	-1.27563e+034	27	-5.0049e+033	27	-2.4978e+033	27	-1.521e+033	
28	-8.14118e+033	28	-1.06655e+034	28	-4.07008e+033	28	-2.19902e+033	28	-1.38353e+033	
29	-9.51514e+033	29	-8.14492e+033	29	-3.42448e+033	29	-1.96444e+033	29	-1.26897e+033	
30	-1.08846e+034	30	-6.31899e+033	30	-2.95475e+033	30	-1.77542e+033	30	-1.17202e+033	
31	-1.13077e+034	31	-5.08871e+033	31	-2.59858e+033	31	-1.61986e+033	31	-1.08891e+033	
32	-1.01129e+034	32	-4.23835e+033	32	-2.31956e+033	32	-1.48959e+033	32	-1.01687e+033	
33	-8.2627e+033	33	-3.62547e+033	33	-2.09519e+033	33	-1.3789e+033	33	-9.53817e+032	
34	-6.67171e+033	34	-3.16611e+033	34	-1.91087e+033	34	-1.28367e+033	34	-8.98168e+032	
35	-5.49197e+033	35	-2.81022e+033	35	-1.75675e+033	35	-1.20086e+033	35	-8.48689e+032	
36	-4.63248e+033	36	-2.52684e+033	36	-1.62595e+033	36	-1.12819e+033	36	-8.04404e+032	
37	-3.99402e+033	37	-2.29603e+033	37	-1.51356e+033	37	-1.06389e+033	37	-7.64535e+032	
38	-3.50661e+033	38	-2.10447e+033	38	-1.41591e+033	38	-1.0066e+033	38	-7.28452e+032	
39	-3.12449e+033	39	-1.94294e+033	39	-1.33028e+033	39	-9.55213e+032	39	-6.95638e+032	
40	-2.81776e+033	40	-1.80489e+033	40	-1.25456e+033	40	-9.08866e+032	40	-6.65666e+032	
41	-2.56652e+033	41	-1.68553e+033	41	-1.18712e+033	41	-8.66849e+032	41	-6.38184e+032	
42	-2.35711e+033	42	-1.58129e+033	42	-1.12667e+033	42	-8.28578e+032	42	-6.1289e+032	
43	-2.17995e+033	43	-1.48945e+033	43	-1.07216e+033	43	-7.93573e+032	43	-5.89535e+032	
44	-2.02815e+033	44	-1.40792e+033	44	-1.02275e+033	44	-7.6143e+032	44	-5.67902e+032	
45	-1.89663e+033	45	-1.33503e+033	45	-9.77765e+032	45	-7.31812e+032	45	-5.47808e+032	
46	-1.78156e+033	46	-1.26948e+033	46	-9.36622e+032	46	-7.0443e+032	46	-5.29093e+032	
47	-1.68004e+033	47	-1.2102e+033	47	-8.98848e+032	47	-6.79039e+032	47	-5.1162e+032	
48	-1.58977e+033	48	-1.15632e+033	48	-8.64043e+032	48	-6.5543e+032	48	-4.95269e+032	
49	-1.50899e+033	49	-1.10713e+033	49	-8.31869e+032	49	-6.33419e+032	49	-4.79935e+032	
50	-1.43625e+033	50	-1.06204e+033	50	-8.02036e+032	50	-6.1285e+032	50	-4.65526e+032	
51	-1.37041e+033	51	-1.02056e+033	51	-7.74295e+032	51	-5.93585e+032	51	-4.51961e+032	
52	-1.31051e+033	52	-9.82256e+032	52	-7.48433e+032	52	-5.75503e+032	52	-4.39166e+032	
53	-1.25578e+033	53	-9.46783e+032	53	-7.24264e+032	53	-5.58498e+032	53	-4.27079e+032	
54	-1.20557e+033	54	-9.13832e+032	54	-7.01627e+032	54	-5.42476e+032	54	-4.15642e+032	
55	-1.15933e+033	55	-8.83142e+032	55	-6.80378e+032	55	-5.27354e+032	55	-4.04803e+032	
56	-1.11661e+033	56	-8.54486e+032	56	-6.60393e+032	56	-5.13057e+032	56	-3.94518e+032	
57	-1.07702e+033	57	-8.27666e+032	57	-6.41562e+032	57	-4.99521e+032	57	-3.84744e+032	
58	-1.04022e+033	58	-8.02509e+032	58	-6.23788e+032	58	-4.86685e+032	58	-3.75444e+032	
59	-1.00592e+033	59	-7.78864e+032	59	-6.06983e+032	59	-4.74497e+032	59	-3.66585e+032	
60	-9.73873e+032	60	-7.56598e+032	60	-5.91069e+032	60	-4.62908e+032	60	-3.58135e+032	
61	-9.4386e+032	61	-7.35592e+032	61	-5.75978e+032	61	-4.51875e+032	61	-3.50068e+032	
62	-9.15693e+032	62	-7.15741e+032	62	-5.61646e+032	62	-4.41359e+032	62	-3.42357e+032	
63	-8.89203e+032	63	-6.96952e+032	63	-5.48017e+032	63	-4.31324e+032	63	-3.3498e+032	
64	-8.64243e+032	64	-6.79141e+032	64	-5.35041e+032	64	-4.21738e+032	64	-3.27915e+032	
65	-8.40683e+032	65	-6.62233e+032	65	-5.22672e+032	65	-4.12572e+032	65	-3.21143e+032	
66	-8.18407e+032	66	-6.4616e+032	66	-5.10867e+032	66	-4.03797e+032	66	-3.14645e+032	
67	-7.97311e+032	67	-6.30862e+032	67	-4.99589e+032	67	-3.9539e+032	67	-3.08406e+032	
68	-7.77303e+032	68	-6.16282e+032	68	-4.88802e+032	68	-3.87328e+032	68	-3.02411e+032	
69	-7.583e+032	69	-6.02373e+032	69	-4.78477e+032	69	-3.79591e+032	69	-2.96645e+032	
70	-7.40226e+032	70	-5.89087e+032	70	-4.68582e+032	70	-3.72157e+032	70	-2.91095e+032	
71	-7.23016e+032	71	-5.76383e+032	71	-4.59092e+032	71	-3.65011e+032	71	-2.85749e+032	
72	-7.06606e+032	72	-5.64224e+032	72	-4.49982e+032	72	-3.58136e+032	72	-2.80597e+032	
73	-6.90943e+032	73	-5.52575e+032	73	-4.41231e+032	73	-3.51516e+032	73	-2.75628e+032	
74	-6.75976e+032	74	-5.41405e+032	74	-4.32816e+032	74	-3.45138e+032	74	-2.70833e+032	
75	-6.61658e+032	75	-5.30683e+032	75	-4.24718e+032	75	-3.38988e+032	75	-2.66201e+032	
76	-6.47948e+032	76	-5.20385e+032	76	-4.16921e+032	76	-3.33054e+032	76	-2.61726e+032	
77	-6.34808e+032	77	-5.10484e+032	77	-4.09408e+032	77	-3.27326e+032	77	-2.574e+032	
78	-6.22202e+032	78	-5.00958e+032	78	-4.02162e+032	78	-3.21792e+032	78	-2.53214e+032	
79	-6.10099e+032	79	-4.91786e+032	79	-3.95171e+032	79	-3.16444e+032	79	-2.49163e+032	
80	-5.98467e+032	80	-4.82948e+032	80	-3.88421e+032	80	-3.11271e+032	80	-2.45239e+032	
81	-5.8728e+032	81	-4.74427e+032	81	-3.81899e+032	81	-3.06265e+032	81	-2.41438e+032	
82	-5.76513e+032	82	-4.66205e+032	82	-3.75594e+032	82	-3.01418e+032	82	-2.37753e+032	
83	-5.66142e+032	83	-4.58267e+032	83	-3.69496e+032	83	-2.96723e+032	83	-2.34179e+032	
84	-5.56146e+032	84	-4.50598e+032	84	-3.63594e+032	84	-2.92173e+032	84	-2.30711e+032	
85	-5.46503e+032	85	-4.43185e+032	85	-3.5788e+032	85	-2.87761e+032	85	-2.27344e+032	
86	-5.37196e+032	86	-4.36015e+032	86	-3.52343e+032	86	-2.8348e+032	86	-2.24075e+032	
87	-5.28208e+032	87	-4.29077e+032	87	-3.46976e+032	87	-2.79326e+032	87	-2.20899e+032	
88	-5.19521e+032	88	-4.22358e+032	88	-3.41772e+032	88	-2.75292e+032	88	-2.17811e+032	
89	-5.11121e+032	89	-4.15849e+032	89	-3.36722e+032	89	-2.71374e+032	89	-2.14809e+032	
90	-5.02993e+032	90	-4.0954e+032	90	-3.31821e+032	90	-2.67566e+032	90	-2.11889e+032	
91	-4.95125e+032	91	-4.03422e+032	91	-3.27061e+032	91	-2.63863e+032	91	-2.09047e+032	
92	-4.87504e+032	92	-3.97487e+032	92	-3.22437e+032	92	-2.60263e+032	92	-2.0628e+032	
93	-4.80119e+032	93	-3.91725e+032	93	-3.17943e+032	93	-2.56759e+032	93	-2.03586e+032	
94	-4.72958e+032	94	-3.8613e+032	94	-3.13573e+032	94	-2.53349e+032	94	-2.00962e+032	
95	-4.66012e+032	95	-3.80695e+032	95	-3.09323e+032	95	-2.50029e+032	95	-1.98404e+032	
96	-4.59271e+032	96	-3.75412e+032	96	-3.05187e+032	96	-2.46795e+032	96	-1.95911e+032	
97	-4.52725e+032	97	-3.70275e+032	97	-3.0116e+032	97	-2.43644e+032	97	-1.9348e+032	
98	-4.46367e+032	98	-3.65279e+032	98	-2.9724e+032	98	-2.40573e+032	98	-1.91109e+032	
99	-4.40188e+032	99	-3.60417e+032	99	-2.93421e+032	99	-2.37578e+032	99	-1.88795e+032	
100	-4.34181e+032	100	-3.55684e+032	100	-2.89699e+032	100	-2.34657e+032	100	-1.86537e+032	
101	-4.28338e+032	101	-3.51075e+032	101	-2.86071e+032	101	-2.31808e+032	101	-1.84332e+032	
102	-4.22654e+032	102	-3.46586e+032	102	-2.82534e+032	102	-2.29027e+032	102	-1.82178e+032	
103	-4.17121e+032	103	-3.42211e+032	103	-2.79083e+032	103	-2.26312e+032	103	-1.80075e+032	
104	-4.11733e+032	104	-3.37946e+032	104	-2.75716e+032	104	-2.23661e+032	104	-1.7802e+032	
105	-4.06485e+032	105	-3.33787e+032	105	-2.7243e+032	105	-2.21072e+032	105	-1.76011e+032	
106	-4.01371e+032	106	-3.29731e+032	106	-2.69222e+032	106	-2.18542e+032	106	-1.74047e+032	
107	-3.96387e+032	107	-3.25773e+032	107	-2.66089e+032	107	-2.1607e+032	107	-1.72126e+032	
108	-3.91527e+032	108	-3.21909e+032	108	-2.63028e+032	108	-2.13653e+032	108	-1.70248e+032	
109	-3.86787e+032	109	-3.18138e+032	109	-2.60038e+032	109	-2.1129e+032	109	-1.6841e+032	
110	-3.82162e+032	110	-3.14454e+032	110	-2.57115e+032	110	-2.08979e+032	110	-1.66612e+032	
111	-3.77648e+032	111	-3.10856e+032	111	-2.54258e+032	111	-2.06718e+032	111	-1.64851e+032	
112	-3.73241e+032	112	-3.0734e+032	112	-2.51463e+032	112	-2.04505e+032	112	-1.63127e+032	
113	-3.68937e+032	113	-3.03903e+032	113	-2.4873e+032	113	-2.0234e+032	113	-1.6144e+032	
114	-3.64733e+032	114	-3.00543e+032	114	-2.46056e+032	114	-2.0022e+032	114	-1.59786e+032	
115	-3.60625e+032	115	-2.97257e+032	115	-2.43439e+032	115	-1.98144e+032	115	-1.58167e+032	
116	-3.5661e+032	116	-2.94043e+032	116	-2.40878e+032	116	-1.96111e+032	116	-1.5658e+032	
117	-3.52685e+032	117	-2.90898e+032	117	-2.3837e+032	117	-1.94119e+032	117	-1.55024e+032	
118	-3.48847e+032	118	-2.87821e+032	118	-2.35914e+032	118	-1.92167e+032	118	-1.53499e+032	
119	-3.45092e+032	119	-2.84808e+032	119	-2.33508e+032	119	-1.90255e+032	119	-1.52004e+032	
120	-3.41419e+032	120	-2.81859e+032	120	-2.31152e+032	120	-1.8838e+032	120	-1.50538e+032	
121	-3.37824e+032	121	-2.7897e+032	121	-2.28842e+032	121	-1.86542e+032	121	-1.491e+032	
122	-3.34306e+032	122	-2.76141e+032	122	-2.26579e+032	122	-1.84739e+032	122	-1.47689e+032	
123	-3.3086e+032	123	-2.73369e+032	123	-2.2436e+032	123	-1.82972e+032	123	-1.46305e+032	
124	-3.27486e+032	124	-2.70652e+032	124	-2.22184e+032	124	-1.81237e+032	124	-1.44946e+032	
125	-3.24182e+032	125	-2.6799e+032	125	-2.20051e+032	125	-1.79536e+032	125	-1.43612e+032	
126	-3.20944e+032	126	-2.65379e+032	126	-2.17958e+032	126	-1.77866e+032	126	-1.42303e+032	
127	-3.17771e+032	127	-2.6282e+032	127	-2.15905e+032	127	-1.76227e+032	127	-1.41018e+032	
128	-3.14661e+032	128	-2.6031e+032	128	-2.1389e+032	128	-1.74618e+032	128	-1.39755e+032	
129	-3.11613e+032	129	-2.57848e+032	129	-2.11913e+032	129	-1.73038e+032	129	-1.38515e+032	
130	-3.08623e+032	130	-2.55432e+032	130	-2.09972e+032	130	-1.71487e+032	130	-1.37297e+032	
131	-3.05691e+032	131	-2.53061e+032	131	-2.08066e+032	131	-1.69963e+032	131	-1.361e+032	
132	-3.02815e+032	132	-2.50735e+032	132	-2.06195e+032	132	-1.68467e+032	132	-1.34924e+032	
133	-2.99994e+032	133	-2.48451e+032	133	-2.04358e+032	133	-1.66996e+032	133	-1.33768e+032	
134	-2.97225e+032	134	-2.46209e+032	134	-2.02553e+032	134	-1.65551e+032	134	-1.32631e+032	
135	-2.94508e+032	135	-2.44007e+032	135	-2.0078e+032	135	-1.64131e+032	135	-1.31514e+032	
136	-2.9184e+032	136	-2.41844e+032	136	-1.99038e+032	136	-1.62735e+032	136	-1.30416e+032	
137	-2.89221e+032	137	-2.3972e+032	137	-1.97326e+032	137	-1.61362e+032	137	-1.29335e+032	
138	-2.86649e+032	138	-2.37633e+032	138	-1.95643e+032	138	-1.60013e+032	138	-1.28273e+032	
139	-2.84123e+032	139	-2.35583e+032	139	-1.93989e+032	139	-1.58686e+032	139	-1.27228e+032	
140	-2.81642e+032	140	-2.33568e+032	140	-1.92362e+032	140	-1.57381e+032	140	-1.26199e+032	
141	-2.79204e+032	141	-2.31587e+032	141	-1.90763e+032	141	-1.56097e+032	141	-1.25188e+032	
142	-2.76809e+032	142	-2.2964e+032	142	-1.8919e+032	142	-1.54835e+032	142	-1.24192e+032	
143	-2.74455e+032	143	-2.27725e+032	143	-1.87644e+032	143	-1.53592e+032	143	-1.23212e+032	
144	-2.72141e+032	144	-2.25843e+032	144	-1.86122e+032	144	-1.52369e+032	144	-1.22248e+032	
145	-2.69866e+032	145	-2.23991e+032	145	-1.84625e+032	145	-1.51166e+032	145	-1.21298e+032	
146	-2.67629e+032	146	-2.2217e+032	146	-1.83152e+032	146	-1.49982e+032	146	-1.20363e+032	
147	-2.6543e+032	147	-2.20378e+032	147	-1.81702e+032	147	-1.48816e+032	147	-1.19443e+032	
148	-2.63267e+032	148	-2.18616e+032	148	-1.80276e+032	148	-1.47668e+032	148	-1.18536e+032	
149	-2.61139e+032	149	-2.16881e+032	149	-1.78871e+032	149	-1.46537e+032	149	-1.17643e+032	
150	-2.59046e+032	150	-2.15174e+032	150	-1.77489e+032	150	-1.45424e+032	150	-1.16764e+032	
151	-2.56987e+032	151	-2.13494e+032	151	-1.76127e+032	151	-1.44328e+032	151	-1.15897e+032	
152	-2.5496e+032	152	-2.1184e+032	152	-1.74787e+032	152	-1.43248e+032	152	-1.15044e+032	
153	-2.52965e+032	153	-2.10212e+032	153	-1.73467e+032	153	-1.42184e+032	153	-1.14203e+032	
154	-2.51002e+032	154	-2.08608e+032	154	-1.72166e+032	154	-1.41136e+032	154	-1.13374e+032	
155	-2.4907e+032	155	-2.07029e+032	155	-1.70885e+032	155	-1.40104e+032	155	-1.12557e+032	
156	-2.47167e+032	156	-2.05474e+032	156	-1.69623e+032	156	-1.39086e+032	156	-1.11751e+032	
157	-2.45293e+032	157	-2.03943e+032	157	-1.6838e+032	157	-1.38083e+032	157	-1.10958e+032	
158	-2.43448e+032	158	-2.02434e+032	158	-1.67155e+032	158	-1.37095e+032	158	-1.10175e+032	
159	-2.41631e+032	159	-2.00947e+032	159	-1.65948e+032	159	-1.3612e+032	159	-1.09403e+032	
160	-2.39841e+032	160	-1.99483e+032	160	-1.64758e+032	160	-1.35159e+032	160	-1.08643e+032	
161	-2.38078e+032	161	-1.98039e+032	161	-1.63585e+032	161	-1.34212e+032	161	-1.07892e+032	
162	-2.3634e+032	162	-1.96617e+032	162	-1.62428e+032	162	-1.33278e+032	162	-1.07152e+032	
163	-2.34629e+032	163	-1.95215e+032	163	-1.61288e+032	163	-1.32357e+032	163	-1.06422e+032	
164	-2.32942e+032	164	-1.93833e+032	164	-1.60164e+032	164	-1.31449e+032	164	-1.05702e+032	
165	-2.31279e+032	165	-1.9247e+032	165	-1.59056e+032	165	-1.30553e+032	165	-1.04992e+032	
166	-2.2964e+032	166	-1.91127e+032	166	-1.57963e+032	166	-1.29669e+032	166	-1.04291e+032	
167	-2.28025e+032	167	-1.89802e+032	167	-1.56884e+032	167	-1.28797e+032	167	-1.03599e+032	
168	-2.26432e+032	168	-1.88496e+032	168	-1.55821e+032	168	-1.27937e+032	168	-1.02917e+032	
169	-2.24861e+032	169	-1.87207e+032	169	-1.54772e+032	169	-1.27089e+032	169	-1.02243e+032	
170	-2.23313e+032	170	-1.85937e+032	170	-1.53737e+032	170	-1.26251e+032	170	-1.01579e+032	
171	-2.21786e+032	171	-1.84683e+032	171	-1.52716e+032	171	-1.25424e+032	171	-1.00923e+032	
172	-2.2028e+032	172	-1.83447e+032	172	-1.51708e+032	172	-1.24609e+032	172	-1.00275e+032	
173	-2.18794e+032	173	-1.82227e+032	173	-1.50713e+032	173	-1.23803e+032	173	-9.96354e+031	
174	-2.17329e+032	174	-1.81023e+032	174	-1.49732e+032	174	-1.23009e+032	174	-9.9004e+031	
175	-2.15883e+032	175	-1.79835e+032	175	-1.48763e+032	175	-1.22224e+032	175	-9.83807e+031	
176	-2.14456e+032	176	-1.78663e+032	176	-1.47807e+032	176	-1.21449e+032	176	-9.77651e+031	
177	-2.13049e+032	177	-1.77506e+032	177	-1.46863e+032	177	-1.20684e+032	177	-9.71572e+031	
178	-2.1166e+032	178	-1.76364e+032	178	-1.45931e+032	178	-1.19929e+032	178	-9.65568e+031	
179	-2.10289e+032	179	-1.75236e+032	179	-1.45011e+032	179	-1.19183e+032	179	-9.59639e+031	
180	-2.08936e+032	180	-1.74123e+032	180	-1.44102e+032	180	-1.18446e+032	180	-9.53781e+031	
181	-2.076e+032	181	-1.73024e+032	181	-1.43205e+032	181	-1.17719e+032	181	-9.47995e+031	
182	-2.06282e+032	182	-1.71939e+032	182	-1.42319e+032	182	-1.17e+032	182	-9.42278e+031	
183	-2.0498e+032	183	-1.70868e+032	183	-1.41444e+032	183	-1.1629e+032	183	-9.3663e+031	
184	-2.03695e+032	184	-1.6981e+032	184	-1.4058e+032	184	-1.15589e+032	184	-9.3105e+031	
185	-2.02426e+032	185	-1.68765e+032	185	-1.39726e+032	185	-1.14896e+032	185	-9.25536e+031	
186	-2.01173e+032	186	-1.67733e+032	186	-1.38882e+032	186	-1.14211e+032	186	-9.20086e+031	
187	-1.99935e+032	187	-1.66714e+032	187	-1.38049e+032	187	-1.13534e+032	187	-9.14701e+031	
188	-1.98713e+032	188	-1.65706e+032	188	-1.37225e+032	188	-1.12866e+032	188	-9.09378e+031	
189	-1.97505e+032	189	-1.64712e+032	189	-1.36412e+032	189	-1.12205e+032	189	-9.04117e+031	
190	-1.96313e+032	190	-1.63729e+032	190	-1.35608e+032	190	-1.11552e+032	190	-8.98917e+031	
191	-1.95135e+032	191	-1.62757e+032	191	-1.34813e+032	191	-1.10906e+032	191	-8.93776e+031	
192	-1.93971e+032	192	-1.61798e+032	192	-1.34028e+032	192	-1.10268e+032	192	-8.88693e+031	
193	-1.92821e+032	193	-1.60849e+032	193	-1.33252e+032	193	-1.09638e+032	193	-8.83669e+031	
194	-1.91684e+032	194	-1.59912e+032	194	-1.32485e+032	194	-1.09014e+032	194	-8.787e+031	
195	-1.90562e+032	195	-1.58986e+032	195	-1.31727e+032	195	-1.08398e+032	195	-8.73788e+031	
196	-1.89452e+032	196	-1.5807e+032	196	-1.30977e+032	196	-1.07788e+032	196	-8.6893e+031	
197	-1.88355e+032	197	-1.57165e+032	197	-1.30236e+032	197	-1.07186e+032	197	-8.64125e+031	
198	-1.87271e+032	198	-1.5627e+032	198	-1.29503e+032	198	-1.0659e+032	198	-8.59374e+031	
199	-1.862e+032	199	-1.55386e+032	199	-1.28778e+032	199	-1.06e+032	199	-8.54675e+031	
