2.992e+011	1.43552e+011	2.6928e+011	1.43552e+011	2.3936e+011	1.43552e+011	2.0944e+011	1.43552e+011	1.7952e+011	1.43552e+011	
2.98812e+011	1.3731e+011	2.68833e+011	1.37255e+011	2.38843e+011	1.37181e+011	2.08844e+011	1.37078e+011	1.78837e+011	1.36935e+011	
2.98026e+011	1.30877e+011	2.67925e+011	1.30714e+011	2.37792e+011	1.30489e+011	2.07626e+011	1.30178e+011	1.77436e+011	1.29744e+011	
2.96833e+011	1.24257e+011	2.66543e+011	1.2393e+011	2.36185e+011	1.23479e+011	2.05758e+011	1.22851e+011	1.75275e+011	1.2197e+011	
2.95219e+011	1.17452e+011	2.6467e+011	1.16906e+011	2.34e+011	1.16151e+011	2.03205e+011	1.15095e+011	1.72303e+011	1.13604e+011	
2.93174e+011	1.10467e+011	2.62287e+011	1.09645e+011	2.3121e+011	1.08507e+011	1.99925e+011	1.06905e+011	1.68457e+011	1.0463e+011	
2.90681e+011	1.03303e+011	2.59374e+011	1.0215e+011	2.27782e+011	1.00546e+011	1.95872e+011	9.82768e+010	1.63659e+011	9.50277e+010	
2.87725e+011	9.59654e+010	2.55906e+011	9.44234e+010	2.2368e+011	9.22684e+010	1.90985e+011	8.92028e+010	1.57813e+011	8.47742e+010	
2.84289e+011	8.84567e+010	2.51857e+011	8.64677e+010	2.18861e+011	8.3675e+010	1.85194e+011	7.96754e+010	1.50793e+011	7.384e+010	
2.80352e+011	8.0781e+010	2.47196e+011	7.8286e+010	2.13276e+011	7.47652e+010	1.78413e+011	6.96855e+010	1.42441e+011	6.21897e+010	
2.75891e+011	7.29426e+010	2.41887e+011	6.98821e+010	2.06865e+011	6.55397e+010	1.70535e+011	5.92235e+010	1.32542e+011	4.97819e+010	
2.70883e+011	6.49462e+010	2.35889e+011	6.126e+010	1.99556e+011	5.59996e+010	1.61424e+011	4.828e+010	1.20801e+011	3.65699e+010	
2.65298e+011	5.67974e+010	2.29156e+011	5.24254e+010	1.91265e+011	4.61481e+010	1.50906e+011	3.68476e+010	1.06792e+011	2.25061e+010	
2.59105e+011	4.85027e+010	2.21631e+011	4.33853e+010	1.81885e+011	3.59912e+010	1.38748e+011	2.49252e+010	8.98664e+010	7.55922e+009	
2.52267e+011	4.00699e+010	2.1325e+011	3.41492e+010	1.71286e+011	2.55401e+010	1.24636e+011	1.25254e+010	6.89513e+010	-8.22834e+009	
2.44741e+011	3.15085e+010	2.03935e+011	2.47303e+010	1.59301e+011	1.48148e+010	1.08119e+011	-3.06387e+008	4.2087e+010	-2.45163e+010	
2.36481e+011	2.28304e+010	1.93591e+011	1.51467e+010	1.45715e+011	3.85072e+009	8.85233e+010	-1.34476e+010	5.22378e+009	-3.96111e+010	
2.2743e+011	1.40504e+010	1.82106e+011	5.4246e+009	1.3024e+011	-7.289e+009	6.47736e+010	-2.65771e+010	-4.93253e+010	-4.44036e+010	
2.17523e+011	5.18783e+009	1.69336e+011	-4.39794e+009	1.12481e+011	-1.84891e+010	3.5036e+010	-3.87969e+010	-1.07851e+011	-1.90394e+010	
2.06682e+011	-3.73245e+009	1.55104e+011	-1.4264e+010	9.18727e+010	-2.95297e+010	-3.86575e+009	-4.72566e+010	-1.58184e+011	1.37004e+010	
1.94816e+011	-1.26772e+010	1.39181e+011	-2.40862e+010	6.75768e+010	-3.99642e+010	-5.46764e+010	-4.25291e+010	-2.0453e+011	4.7144e+010	
1.81814e+011	-2.16014e+010	1.21265e+011	-3.37251e+010	3.83169e+010	-4.88032e+010	-1.03726e+011	-1.62748e+010	-2.48958e+011	8.04215e+010	
1.6754e+011	-3.04429e+010	1.0095e+011	-4.29489e+010	2.27618e+009	-5.36321e+010	-1.44788e+011	1.61926e+010	-2.92311e+011	1.13451e+011	
1.51828e+011	-3.91135e+010	7.76827e+010	-5.13516e+010	-4.15531e+010	-4.85409e+010	-1.81498e+011	4.93429e+010	-3.34989e+011	1.46263e+011	
1.34469e+011	-4.74847e+010	5.07028e+010	-5.81748e+010	-8.60969e+010	-2.66141e+010	-2.15935e+011	8.22388e+010	-3.77207e+011	1.78896e+011	
1.15196e+011	-5.53631e+010	1.90518e+010	-6.19101e+010	-1.22907e+011	4.34729e+009	-2.49048e+011	1.14775e+011	-4.19092e+011	2.11384e+011	
9.36725e+010	-6.24465e+010	-1.79566e+010	-5.94986e+010	-1.54004e+011	3.70745e+010	-2.8131e+011	1.46987e+011	-4.60725e+011	2.43752e+011	
6.94695e+010	-6.82423e+010	-5.83687e+010	-4.60264e+010	-1.81893e+011	6.96882e+010	-3.12987e+011	1.78929e+011	-5.02161e+011	2.76021e+011	
4.20788e+010	-7.1913e+010	-9.51487e+010	-2.0519e+010	-2.079e+011	1.01849e+011	-3.44236e+011	2.10648e+011	-5.43439e+011	3.08207e+011	
1.10353e+010	-7.19954e+010	-1.25028e+011	1.04298e+010	-2.32713e+011	1.33552e+011	-3.7516e+011	2.42181e+011	-5.84588e+011	3.40321e+011	
-2.35406e+010	-6.60408e+010	-1.49897e+011	4.24591e+010	-2.56712e+011	1.64856e+011	-4.05831e+011	2.73559e+011	-6.25629e+011	3.72374e+011	
-5.95033e+010	-5.10391e+010	-1.71693e+011	7.42319e+010	-2.80126e+011	1.95825e+011	-4.36296e+011	3.04804e+011	-6.66577e+011	4.04373e+011	
-9.21493e+010	-2.67327e+010	-1.91563e+011	1.0546e+011	-3.03101e+011	2.26512e+011	-4.66594e+011	3.35937e+011	-7.07447e+011	4.36326e+011	
-1.18798e+011	2.7178e+009	-2.1016e+011	1.36136e+011	-3.25735e+011	2.5696e+011	-4.96751e+011	3.66971e+011	-7.48249e+011	4.68237e+011	
-1.40381e+011	3.36378e+010	-2.27867e+011	1.66324e+011	-3.48097e+011	2.87206e+011	-5.26789e+011	3.97919e+011	-7.88991e+011	5.00111e+011	
-1.58527e+011	6.44791e+010	-2.44924e+011	1.9609e+011	-3.70238e+011	3.17277e+011	-5.56724e+011	4.28792e+011	-8.2968e+011	5.31952e+011	
-1.74406e+011	9.47775e+010	-2.61488e+011	2.25496e+011	-3.92196e+011	3.47196e+011	-5.86571e+011	4.59597e+011	-8.70322e+011	5.63764e+011	
-1.8875e+011	1.24451e+011	-2.77667e+011	2.54594e+011	-4.13998e+011	3.76982e+011	-6.1634e+011	4.90343e+011	-9.10922e+011	5.95548e+011	
-2.02011e+011	1.53537e+011	-2.93538e+011	2.83426e+011	-4.35667e+011	4.06651e+011	-6.4604e+011	5.21034e+011	-9.51484e+011	6.27308e+011	
-2.14479e+011	1.82099e+011	-3.09157e+011	3.12027e+011	-4.57223e+011	4.36216e+011	-6.75678e+011	5.51677e+011	-9.92012e+011	6.59046e+011	
-2.26346e+011	2.10205e+011	-3.24566e+011	3.40426e+011	-4.78678e+011	4.65687e+011	-7.05262e+011	5.82276e+011	-1.03251e+012	6.90763e+011	
-2.37746e+011	2.37914e+011	-3.39797e+011	3.68645e+011	-5.00045e+011	4.95074e+011	-7.34796e+011	6.12834e+011	-1.07298e+012	7.2246e+011	
-2.48773e+011	2.65277e+011	-3.54877e+011	3.96706e+011	-5.21334e+011	5.24386e+011	-7.64286e+011	6.43355e+011	-1.11342e+012	7.54141e+011	
-2.59496e+011	2.92336e+011	-3.69827e+011	4.24624e+011	-5.42553e+011	5.53628e+011	-7.93735e+011	6.73843e+011	-1.15384e+012	7.85805e+011	
-2.69969e+011	3.19127e+011	-3.84662e+011	4.52415e+011	-5.6371e+011	5.82808e+011	-8.23146e+011	7.04299e+011	-1.19423e+012	8.17454e+011	
-2.8023e+011	3.45681e+011	-3.99396e+011	4.80091e+011	-5.8481e+011	6.1193e+011	-8.52524e+011	7.34726e+011	-1.23461e+012	8.49089e+011	
-2.90312e+011	3.72022e+011	-4.14042e+011	5.07661e+011	-6.05859e+011	6.40999e+011	-8.8187e+011	7.65126e+011	-1.27496e+012	8.80711e+011	
-3.00239e+011	3.98173e+011	-4.28607e+011	5.35136e+011	-6.26861e+011	6.70018e+011	-9.11187e+011	7.95501e+011	-1.3153e+012	9.12321e+011	
-3.10033e+011	4.24152e+011	-4.43101e+011	5.62523e+011	-6.47821e+011	6.98993e+011	-9.40477e+011	8.25853e+011	-1.35562e+012	9.4392e+011	
-3.19709e+011	4.49975e+011	-4.57531e+011	5.8983e+011	-6.6874e+011	7.27925e+011	-9.69742e+011	8.56183e+011	-1.39593e+012	9.75507e+011	
-3.29281e+011	4.75657e+011	-4.71902e+011	6.17062e+011	-6.89624e+011	7.56818e+011	-9.98984e+011	8.86492e+011	-1.43622e+012	1.00708e+012	
-3.3876e+011	5.01208e+011	-4.86219e+011	6.44225e+011	-7.10474e+011	7.85674e+011	-1.0282e+012	9.16782e+011	-1.4765e+012	1.03865e+012	
-3.48157e+011	5.2664e+011	-5.00488e+011	6.71325e+011	-7.31292e+011	8.14497e+011	-1.0574e+012	9.47055e+011	-1.51676e+012	1.07021e+012	
-3.5748e+011	5.51962e+011	-5.14712e+011	6.98365e+011	-7.52082e+011	8.43287e+011	-1.08658e+012	9.7731e+011	-1.55701e+012	1.10176e+012	
-3.66736e+011	5.77182e+011	-5.28894e+011	7.25349e+011	-7.72844e+011	8.72047e+011	-1.11575e+012	1.00755e+012	-1.59726e+012	1.1333e+012	
-3.7593e+011	6.02308e+011	-5.43038e+011	7.52281e+011	-7.93582e+011	9.00778e+011	-1.14489e+012	1.03777e+012	-1.63749e+012	1.16484e+012	
-3.85069e+011	6.27347e+011	-5.57147e+011	7.79165e+011	-8.14295e+011	9.29483e+011	-1.17402e+012	1.06798e+012	-1.67771e+012	1.19636e+012	
-3.94157e+011	6.52304e+011	-5.71222e+011	8.06003e+011	-8.34986e+011	9.58163e+011	-1.20314e+012	1.09818e+012	-1.71792e+012	1.22788e+012	
-4.03198e+011	6.77184e+011	-5.85267e+011	8.32798e+011	-8.55657e+011	9.86818e+011	-1.23224e+012	1.12836e+012	-1.75812e+012	1.2594e+012	
-4.12196e+011	7.01993e+011	-5.99283e+011	8.59552e+011	-8.76307e+011	1.01545e+012	-1.26132e+012	1.15853e+012	-1.79831e+012	1.2909e+012	
-4.21154e+011	7.26735e+011	-6.13272e+011	8.86268e+011	-8.96939e+011	1.04406e+012	-1.2904e+012	1.18869e+012	-1.83849e+012	1.32241e+012	
-4.30074e+011	7.51413e+011	-6.27236e+011	9.12948e+011	-9.17553e+011	1.07265e+012	-1.31946e+012	1.21884e+012	-1.87867e+012	1.3539e+012	
-4.3896e+011	7.76032e+011	-6.41176e+011	9.39593e+011	-9.38151e+011	1.10123e+012	-1.34851e+012	1.24897e+012	-1.91883e+012	1.38539e+012	
-4.47814e+011	8.00595e+011	-6.55094e+011	9.66206e+011	-9.58733e+011	1.12978e+012	-1.37755e+012	1.2791e+012	-1.95899e+012	1.41687e+012	
-4.56638e+011	8.25105e+011	-6.6899e+011	9.92788e+011	-9.79299e+011	1.15831e+012	-1.40658e+012	1.30922e+012	-1.99915e+012	1.44835e+012	
-4.65434e+011	8.49564e+011	-6.82867e+011	1.01934e+012	-9.99852e+011	1.18683e+012	-1.4356e+012	1.33933e+012	-2.03929e+012	1.47983e+012	
-4.74203e+011	8.73976e+011	-6.96724e+011	1.04586e+012	-1.02039e+012	1.21533e+012	-1.46461e+012	1.36942e+012	-2.07943e+012	1.5113e+012	
-4.82948e+011	8.98342e+011	-7.10564e+011	1.07236e+012	-1.04092e+012	1.24382e+012	-1.49361e+012	1.39951e+012	-2.11957e+012	1.54276e+012	
-4.91669e+011	9.22665e+011	-7.24386e+011	1.09883e+012	-1.06143e+012	1.27229e+012	-1.5226e+012	1.4296e+012	-2.15969e+012	1.57422e+012	
-5.00368e+011	9.46946e+011	-7.38193e+011	1.12528e+012	-1.08193e+012	1.30075e+012	-1.55158e+012	1.45967e+012	-2.19982e+012	1.60568e+012	
-5.09046e+011	9.71189e+011	-7.51984e+011	1.1517e+012	-1.10242e+012	1.3292e+012	-1.58055e+012	1.48974e+012	-2.23993e+012	1.63713e+012	
-5.17704e+011	9.95394e+011	-7.6576e+011	1.17811e+012	-1.1229e+012	1.35763e+012	-1.60952e+012	1.51979e+012	-2.28005e+012	1.66858e+012	
-5.26344e+011	1.01956e+012	-7.79522e+011	1.20449e+012	-1.14337e+012	1.38605e+012	-1.63848e+012	1.54985e+012	-2.32015e+012	1.70003e+012	
-5.34965e+011	1.0437e+012	-7.93271e+011	1.23085e+012	-1.16383e+012	1.41445e+012	-1.66743e+012	1.57989e+012	-2.36025e+012	1.73147e+012	
-5.4357e+011	1.0678e+012	-8.07007e+011	1.25718e+012	-1.18428e+012	1.44285e+012	-1.69638e+012	1.60993e+012	-2.40035e+012	1.76291e+012	
-5.52159e+011	1.09187e+012	-8.2073e+011	1.28351e+012	-1.20472e+012	1.47123e+012	-1.72532e+012	1.63996e+012	-2.44044e+012	1.79434e+012	
-5.60732e+011	1.11591e+012	-8.34442e+011	1.30981e+012	-1.22515e+012	1.49961e+012	-1.75425e+012	1.66999e+012	-2.48053e+012	1.82577e+012	
-5.69291e+011	1.13992e+012	-8.48143e+011	1.33609e+012	-1.24557e+012	1.52797e+012	-1.78317e+012	1.70001e+012	-2.52061e+012	1.8572e+012	
-5.77836e+011	1.16391e+012	-8.61833e+011	1.36236e+012	-1.26599e+012	1.55632e+012	-1.81209e+012	1.73002e+012	-2.56069e+012	1.88863e+012	
-5.86367e+011	1.18787e+012	-8.75512e+011	1.38861e+012	-1.28639e+012	1.58466e+012	-1.84101e+012	1.76003e+012	-2.60077e+012	1.92005e+012	
-5.94886e+011	1.2118e+012	-8.89182e+011	1.41485e+012	-1.30679e+012	1.613e+012	-1.86991e+012	1.79004e+012	-2.64084e+012	1.95147e+012	
-6.03392e+011	1.2357e+012	-9.02841e+011	1.44107e+012	-1.32718e+012	1.64132e+012	-1.89882e+012	1.82003e+012	-2.68091e+012	1.98289e+012	
-6.11886e+011	1.25959e+012	-9.16492e+011	1.46727e+012	-1.34757e+012	1.66964e+012	-1.92772e+012	1.85003e+012	-2.72097e+012	2.0143e+012	
-6.2037e+011	1.28345e+012	-9.30134e+011	1.49346e+012	-1.36795e+012	1.69795e+012	-1.95661e+012	1.88002e+012	-2.76103e+012	2.04571e+012	
-6.28842e+011	1.30728e+012	-9.43767e+011	1.51964e+012	-1.38832e+012	1.72625e+012	-1.9855e+012	1.91e+012	-2.80109e+012	2.07712e+012	
-6.37304e+011	1.3311e+012	-9.57391e+011	1.54581e+012	-1.40868e+012	1.75454e+012	-2.01438e+012	1.93998e+012	-2.84114e+012	2.10853e+012	
-6.45756e+011	1.3549e+012	-9.71008e+011	1.57196e+012	-1.42904e+012	1.78282e+012	-2.04326e+012	1.96995e+012	-2.88119e+012	2.13993e+012	
-6.54199e+011	1.37867e+012	-9.84617e+011	1.5981e+012	-1.44939e+012	1.8111e+012	-2.07213e+012	1.99992e+012	-2.92124e+012	2.17133e+012	
-6.62632e+011	1.40243e+012	-9.98219e+011	1.62422e+012	-1.46974e+012	1.83937e+012	-2.101e+012	2.02989e+012	-2.96128e+012	2.20273e+012	
-6.71056e+011	1.42616e+012	-1.01181e+012	1.65034e+012	-1.49008e+012	1.86763e+012	-2.12987e+012	2.05985e+012	-3.00133e+012	2.23413e+012	
-6.79472e+011	1.44988e+012	-1.0254e+012	1.67644e+012	-1.51042e+012	1.89588e+012	-2.15873e+012	2.08981e+012	-3.04136e+012	2.26553e+012	
-6.87879e+011	1.47358e+012	-1.03898e+012	1.70253e+012	-1.53075e+012	1.92413e+012	-2.18758e+012	2.11976e+012	-3.0814e+012	2.29692e+012	
-6.96279e+011	1.49727e+012	-1.05255e+012	1.72862e+012	-1.55107e+012	1.95237e+012	-2.21644e+012	2.14972e+012	-3.12143e+012	2.32831e+012	
-7.0467e+011	1.52093e+012	-1.06612e+012	1.75469e+012	-1.57139e+012	1.98061e+012	-2.24529e+012	2.17966e+012	-3.16146e+012	2.3597e+012	
-7.13054e+011	1.54458e+012	-1.07968e+012	1.78075e+012	-1.59171e+012	2.00884e+012	-2.27413e+012	2.20961e+012	-3.20149e+012	2.39109e+012	
-7.21431e+011	1.56822e+012	-1.09324e+012	1.8068e+012	-1.61202e+012	2.03706e+012	-2.30297e+012	2.23955e+012	-3.24152e+012	2.42247e+012	
-7.29801e+011	1.59184e+012	-1.10679e+012	1.83284e+012	-1.63233e+012	2.06528e+012	-2.33181e+012	2.26948e+012	-3.28154e+012	2.45386e+012	
-7.38163e+011	1.61544e+012	-1.12033e+012	1.85887e+012	-1.65263e+012	2.09349e+012	-2.36065e+012	2.29942e+012	-3.32156e+012	2.48524e+012	
-7.4652e+011	1.63904e+012	-1.13387e+012	1.8849e+012	-1.67292e+012	2.1217e+012	-2.38948e+012	2.32935e+012	-3.36158e+012	2.51662e+012	
-7.5487e+011	1.66261e+012	-1.14741e+012	1.91091e+012	-1.69322e+012	2.1499e+012	-2.41831e+012	2.35927e+012	-3.4016e+012	2.548e+012	
-7.63213e+011	1.68618e+012	-1.16093e+012	1.93692e+012	-1.71351e+012	2.1781e+012	-2.44714e+012	2.3892e+012	-3.44161e+012	2.57937e+012	
-7.71551e+011	1.70973e+012	-1.17446e+012	1.96292e+012	-1.73379e+012	2.20629e+012	-2.47596e+012	2.41912e+012	-3.48162e+012	2.61075e+012	
-7.79883e+011	1.73326e+012	-1.18797e+012	1.98891e+012	-1.75407e+012	2.23447e+012	-2.50478e+012	2.44904e+012	-3.52163e+012	2.64212e+012	
-7.88209e+011	1.75679e+012	-1.20149e+012	2.01489e+012	-1.77435e+012	2.26266e+012	-2.5336e+012	2.47895e+012	-3.56164e+012	2.6735e+012	
-7.9653e+011	1.7803e+012	-1.215e+012	2.04086e+012	-1.79462e+012	2.29083e+012	-2.56241e+012	2.50886e+012	-3.60164e+012	2.70487e+012	
-8.04845e+011	1.8038e+012	-1.2285e+012	2.06683e+012	-1.81489e+012	2.319e+012	-2.59122e+012	2.53877e+012	-3.64165e+012	2.73623e+012	
-8.13155e+011	1.82729e+012	-1.242e+012	2.09279e+012	-1.83516e+012	2.34717e+012	-2.62003e+012	2.56868e+012	-3.68165e+012	2.7676e+012	
-8.2146e+011	1.85077e+012	-1.2555e+012	2.11874e+012	-1.85542e+012	2.37533e+012	-2.64884e+012	2.59859e+012	-3.72165e+012	2.79897e+012	
-8.2976e+011	1.87423e+012	-1.26899e+012	2.14468e+012	-1.87568e+012	2.40349e+012	-2.67764e+012	2.62849e+012	-3.76165e+012	2.83033e+012	
-8.38055e+011	1.89769e+012	-1.28247e+012	2.17062e+012	-1.89594e+012	2.43165e+012	-2.70644e+012	2.65839e+012	-3.80164e+012	2.8617e+012	
-8.46346e+011	1.92113e+012	-1.29596e+012	2.19655e+012	-1.91619e+012	2.4598e+012	-2.73524e+012	2.68829e+012	-3.84164e+012	2.89306e+012	
-8.54632e+011	1.94457e+012	-1.30944e+012	2.22247e+012	-1.93644e+012	2.48794e+012	-2.76404e+012	2.71818e+012	-3.88163e+012	2.92442e+012	
-8.62914e+011	1.96799e+012	-1.32291e+012	2.24839e+012	-1.95669e+012	2.51609e+012	-2.79283e+012	2.74807e+012	-3.92162e+012	2.95578e+012	
-8.71191e+011	1.9914e+012	-1.33639e+012	2.2743e+012	-1.97693e+012	2.54422e+012	-2.82162e+012	2.77796e+012	-3.96161e+012	2.98714e+012	
-8.79464e+011	2.01481e+012	-1.34985e+012	2.30021e+012	-1.99717e+012	2.57236e+012	-2.85041e+012	2.80785e+012	-4.0016e+012	3.0185e+012	
-8.87733e+011	2.03821e+012	-1.36332e+012	2.32611e+012	-2.01741e+012	2.60049e+012	-2.8792e+012	2.83774e+012	-4.04158e+012	3.04985e+012	
-8.95998e+011	2.06159e+012	-1.37678e+012	2.352e+012	-2.03765e+012	2.62862e+012	-2.90798e+012	2.86762e+012	-4.08157e+012	3.08121e+012	
-9.04259e+011	2.08497e+012	-1.39024e+012	2.37789e+012	-2.05788e+012	2.65674e+012	-2.93676e+012	2.8975e+012	-4.12155e+012	3.11256e+012	
-9.12516e+011	2.10834e+012	-1.40369e+012	2.40377e+012	-2.07811e+012	2.68486e+012	-2.96555e+012	2.92738e+012	-4.16153e+012	3.14391e+012	
-9.20769e+011	2.1317e+012	-1.41714e+012	2.42965e+012	-2.09833e+012	2.71298e+012	-2.99432e+012	2.95726e+012	-4.20152e+012	3.17527e+012	
-9.29019e+011	2.15505e+012	-1.43059e+012	2.45552e+012	-2.11856e+012	2.74109e+012	-3.0231e+012	2.98714e+012	-4.24149e+012	3.20662e+012	
-9.37265e+011	2.17839e+012	-1.44404e+012	2.48139e+012	-2.13878e+012	2.7692e+012	-3.05188e+012	3.01701e+012	-4.28147e+012	3.23797e+012	
-9.45508e+011	2.20173e+012	-1.45748e+012	2.50725e+012	-2.159e+012	2.79731e+012	-3.08065e+012	3.04688e+012	-4.32145e+012	3.26931e+012	
-9.53747e+011	2.22505e+012	-1.47092e+012	2.5331e+012	-2.17922e+012	2.82541e+012	-3.10942e+012	3.07675e+012	-4.36142e+012	3.30066e+012	
-9.61983e+011	2.24837e+012	-1.48435e+012	2.55895e+012	-2.19943e+012	2.85351e+012	-3.13819e+012	3.10662e+012	-4.4014e+012	3.33201e+012	
-9.70215e+011	2.27168e+012	-1.49779e+012	2.5848e+012	-2.21965e+012	2.88161e+012	-3.16695e+012	3.13649e+012	-4.44137e+012	3.36335e+012	
-9.78445e+011	2.29499e+012	-1.51122e+012	2.61064e+012	-2.23986e+012	2.90971e+012	-3.19572e+012	3.16635e+012	-4.48134e+012	3.3947e+012	
-9.86671e+011	2.31829e+012	-1.52465e+012	2.63648e+012	-2.26006e+012	2.9378e+012	-3.22448e+012	3.19621e+012	-4.52131e+012	3.42604e+012	
-9.94895e+011	2.34157e+012	-1.53807e+012	2.66231e+012	-2.28027e+012	2.96589e+012	-3.25325e+012	3.22607e+012	-4.56128e+012	3.45738e+012	
-1.00311e+012	2.36486e+012	-1.55149e+012	2.68814e+012	-2.30047e+012	2.99397e+012	-3.28201e+012	3.25593e+012	-4.60124e+012	3.48873e+012	
-1.01133e+012	2.38813e+012	-1.56491e+012	2.71396e+012	-2.32067e+012	3.02206e+012	-3.31077e+012	3.28579e+012	-4.64121e+012	3.52007e+012	
-1.01955e+012	2.4114e+012	-1.57833e+012	2.73978e+012	-2.34087e+012	3.05014e+012	-3.33952e+012	3.31565e+012	-4.68117e+012	3.55141e+012	
-1.02776e+012	2.43466e+012	-1.59175e+012	2.76559e+012	-2.36107e+012	3.07822e+012	-3.36828e+012	3.3455e+012	-4.72114e+012	3.58274e+012	
-1.03597e+012	2.45792e+012	-1.60516e+012	2.7914e+012	-2.38127e+012	3.10629e+012	-3.39703e+012	3.37536e+012	-4.7611e+012	3.61408e+012	
-1.04417e+012	2.48117e+012	-1.61857e+012	2.81721e+012	-2.40146e+012	3.13437e+012	-3.42578e+012	3.40521e+012	-4.80106e+012	3.64542e+012	
-1.05238e+012	2.50441e+012	-1.63198e+012	2.84301e+012	-2.42165e+012	3.16244e+012	-3.45454e+012	3.43506e+012	-4.84102e+012	3.67676e+012	
-1.06058e+012	2.52765e+012	-1.64538e+012	2.86881e+012	-2.44184e+012	3.1905e+012	-3.48328e+012	3.46491e+012	-4.88098e+012	3.70809e+012	
-1.06878e+012	2.55088e+012	-1.65879e+012	2.8946e+012	-2.46203e+012	3.21857e+012	-3.51203e+012	3.49475e+012	-4.92094e+012	3.73943e+012	
-1.07697e+012	2.57411e+012	-1.67219e+012	2.92039e+012	-2.48221e+012	3.24663e+012	-3.54078e+012	3.5246e+012	-4.9609e+012	3.77076e+012	
-1.08517e+012	2.59732e+012	-1.68559e+012	2.94618e+012	-2.5024e+012	3.27469e+012	-3.56952e+012	3.55444e+012	-5.00085e+012	3.80209e+012	
-1.09336e+012	2.62054e+012	-1.69898e+012	2.97196e+012	-2.52258e+012	3.30275e+012	-3.59827e+012	3.58429e+012	-5.04081e+012	3.83343e+012	
-1.10155e+012	2.64375e+012	-1.71238e+012	2.99774e+012	-2.54276e+012	3.33081e+012	-3.62701e+012	3.61413e+012	-5.08076e+012	3.86476e+012	
-1.10973e+012	2.66695e+012	-1.72577e+012	3.02351e+012	-2.56294e+012	3.35886e+012	-3.65575e+012	3.64397e+012	-5.12072e+012	3.89609e+012	
-1.11792e+012	2.69014e+012	-1.73916e+012	3.04928e+012	-2.58312e+012	3.38692e+012	-3.68449e+012	3.67381e+012	-5.16067e+012	3.92742e+012	
-1.1261e+012	2.71334e+012	-1.75255e+012	3.07505e+012	-2.60329e+012	3.41497e+012	-3.71323e+012	3.70365e+012	-5.20062e+012	3.95875e+012	
-1.13428e+012	2.73652e+012	-1.76594e+012	3.10082e+012	-2.62347e+012	3.44301e+012	-3.74197e+012	3.73348e+012	-5.24057e+012	3.99008e+012	
-1.14246e+012	2.7597e+012	-1.77932e+012	3.12658e+012	-2.64364e+012	3.47106e+012	-3.7707e+012	3.76332e+012	-5.28052e+012	4.02141e+012	
-1.15063e+012	2.78288e+012	-1.79271e+012	3.15233e+012	-2.66381e+012	3.4991e+012	-3.79944e+012	3.79315e+012	-5.32047e+012	4.05273e+012	
-1.1588e+012	2.80605e+012	-1.80609e+012	3.17809e+012	-2.68398e+012	3.52714e+012	-3.82817e+012	3.82299e+012	-5.36042e+012	4.08406e+012	
-1.16697e+012	2.82921e+012	-1.81947e+012	3.20384e+012	-2.70414e+012	3.55518e+012	-3.8569e+012	3.85282e+012	-5.40036e+012	4.11539e+012	
-1.17514e+012	2.85237e+012	-1.83284e+012	3.22959e+012	-2.72431e+012	3.58322e+012	-3.88564e+012	3.88265e+012	-5.44031e+012	4.14671e+012	
-1.18331e+012	2.87553e+012	-1.84622e+012	3.25533e+012	-2.74448e+012	3.61126e+012	-3.91437e+012	3.91248e+012	-5.48026e+012	4.17804e+012	
-1.19148e+012	2.89868e+012	-1.85959e+012	3.28108e+012	-2.76464e+012	3.63929e+012	-3.94309e+012	3.9423e+012	-5.5202e+012	4.20936e+012	
-1.19964e+012	2.92183e+012	-1.87296e+012	3.30682e+012	-2.7848e+012	3.66732e+012	-3.97182e+012	3.97213e+012	-5.56014e+012	4.24069e+012	
-1.2078e+012	2.94497e+012	-1.88634e+012	3.33255e+012	-2.80496e+012	3.69535e+012	-4.00055e+012	4.00196e+012	-5.60009e+012	4.27201e+012	
-1.21596e+012	2.96811e+012	-1.8997e+012	3.35829e+012	-2.82512e+012	3.72338e+012	-4.02927e+012	4.03178e+012	-5.64003e+012	4.30333e+012	
-1.22412e+012	2.99124e+012	-1.91307e+012	3.38402e+012	-2.84528e+012	3.75141e+012	-4.058e+012	4.06161e+012	-5.67997e+012	4.33465e+012	
-1.23228e+012	3.01437e+012	-1.92644e+012	3.40974e+012	-2.86543e+012	3.77943e+012	-4.08672e+012	4.09143e+012	-5.71991e+012	4.36598e+012	
-1.24043e+012	3.03749e+012	-1.9398e+012	3.43547e+012	-2.88559e+012	3.80745e+012	-4.11544e+012	4.12125e+012	-5.75985e+012	4.3973e+012	
-1.24858e+012	3.06062e+012	-1.95316e+012	3.46119e+012	-2.90574e+012	3.83547e+012	-4.14417e+012	4.15107e+012	-5.79979e+012	4.42862e+012	
-1.25673e+012	3.08373e+012	-1.96652e+012	3.48691e+012	-2.92589e+012	3.86349e+012	-4.17289e+012	4.18089e+012	-5.83973e+012	4.45994e+012	
-1.26488e+012	3.10684e+012	-1.97988e+012	3.51263e+012	-2.94605e+012	3.89151e+012	-4.20161e+012	4.21071e+012	-5.87966e+012	4.49126e+012	
-1.27303e+012	3.12995e+012	-1.99324e+012	3.53834e+012	-2.9662e+012	3.91953e+012	-4.23032e+012	4.24053e+012	-5.9196e+012	4.52257e+012	
-1.28118e+012	3.15305e+012	-2.0066e+012	3.56405e+012	-2.98634e+012	3.94754e+012	-4.25904e+012	4.27034e+012	-5.95954e+012	4.55389e+012	
-1.28932e+012	3.17615e+012	-2.01995e+012	3.58976e+012	-3.00649e+012	3.97555e+012	-4.28776e+012	4.30016e+012	-5.99947e+012	4.58521e+012	
-1.29746e+012	3.19925e+012	-2.03331e+012	3.61547e+012	-3.02664e+012	4.00357e+012	-4.31647e+012	4.32998e+012	-6.03941e+012	4.61653e+012	
-1.3056e+012	3.22234e+012	-2.04666e+012	3.64117e+012	-3.04678e+012	4.03158e+012	-4.34519e+012	4.35979e+012	-6.07934e+012	4.64784e+012	
-1.31374e+012	3.24543e+012	-2.06001e+012	3.66687e+012	-3.06693e+012	4.05958e+012	-4.3739e+012	4.3896e+012	-6.11927e+012	4.67916e+012	
-1.32188e+012	3.26852e+012	-2.07336e+012	3.69257e+012	-3.08707e+012	4.08759e+012	-4.40261e+012	4.41941e+012	-6.15921e+012	4.71047e+012	
-1.33002e+012	3.2916e+012	-2.08671e+012	3.71827e+012	-3.10721e+012	4.1156e+012	-4.43133e+012	4.44923e+012	-6.19914e+012	4.74179e+012	
-1.33815e+012	3.31467e+012	-2.10006e+012	3.74396e+012	-3.12735e+012	4.1436e+012	-4.46004e+012	4.47904e+012	-6.23907e+012	4.7731e+012	
-1.34629e+012	3.33775e+012	-2.1134e+012	3.76965e+012	-3.14749e+012	4.1716e+012	-4.48875e+012	4.50885e+012	-6.279e+012	4.80442e+012	
-1.35442e+012	3.36082e+012	-2.12674e+012	3.79534e+012	-3.16763e+012	4.1996e+012	-4.51746e+012	4.53865e+012	-6.31893e+012	4.83573e+012	
-1.36255e+012	3.38389e+012	-2.14009e+012	3.82103e+012	-3.18777e+012	4.2276e+012	-4.54617e+012	4.56846e+012	-6.35886e+012	4.86704e+012	
-1.37068e+012	3.40695e+012	-2.15343e+012	3.84671e+012	-3.2079e+012	4.2556e+012	-4.57487e+012	4.59827e+012	-6.39879e+012	4.89836e+012	
-1.37881e+012	3.43001e+012	-2.16677e+012	3.8724e+012	-3.22804e+012	4.2836e+012	-4.60358e+012	4.62808e+012	-6.43872e+012	4.92967e+012	
-1.38693e+012	3.45307e+012	-2.18011e+012	3.89808e+012	-3.24817e+012	4.31159e+012	-4.63229e+012	4.65788e+012	-6.47865e+012	4.96098e+012	
-1.39506e+012	3.47612e+012	-2.19345e+012	3.92376e+012	-3.2683e+012	4.33958e+012	-4.66099e+012	4.68768e+012	-6.51857e+012	4.99229e+012	
-1.40318e+012	3.49917e+012	-2.20678e+012	3.94943e+012	-3.28844e+012	4.36758e+012	-4.68969e+012	4.71749e+012	-6.5585e+012	5.0236e+012	
-1.41131e+012	3.52222e+012	-2.22012e+012	3.97511e+012	-3.30857e+012	4.39557e+012	-4.7184e+012	4.74729e+012	-6.59843e+012	5.05491e+012	
-1.41943e+012	3.54526e+012	-2.23345e+012	4.00078e+012	-3.3287e+012	4.42356e+012	-4.7471e+012	4.77709e+012	-6.63835e+012	5.08622e+012	
-1.42755e+012	3.5683e+012	-2.24679e+012	4.02645e+012	-3.34883e+012	4.45155e+012	-4.7758e+012	4.80689e+012	-6.67828e+012	5.11753e+012	
-1.43567e+012	3.59134e+012	-2.26012e+012	4.05212e+012	-3.36895e+012	4.47953e+012	-4.8045e+012	4.83669e+012	-6.7182e+012	5.14884e+012	
-1.44379e+012	3.61437e+012	-2.27345e+012	4.07778e+012	-3.38908e+012	4.50752e+012	-4.83321e+012	4.86649e+012	-6.75812e+012	5.18015e+012	
-1.4519e+012	3.6374e+012	-2.28678e+012	4.10345e+012	-3.40921e+012	4.5355e+012	-4.8619e+012	4.89629e+012	-6.79805e+012	5.21146e+012	
-1.46002e+012	3.66043e+012	-2.30011e+012	4.12911e+012	-3.42933e+012	4.56349e+012	-4.8906e+012	4.92609e+012	-6.83797e+012	5.24276e+012	
-1.46813e+012	3.68346e+012	-2.31344e+012	4.15477e+012	-3.44946e+012	4.59147e+012	-4.9193e+012	4.95589e+012	-6.87789e+012	5.27407e+012	
-1.47625e+012	3.70648e+012	-2.32677e+012	4.18043e+012	-3.46958e+012	4.61945e+012	-4.948e+012	4.98569e+012	-6.91782e+012	5.30538e+012	
-1.48436e+012	3.7295e+012	-2.34009e+012	4.20608e+012	-3.4897e+012	4.64743e+012	-4.9767e+012	5.01548e+012	-6.95774e+012	5.33669e+012	
-1.49247e+012	3.75252e+012	-2.35342e+012	4.23174e+012	-3.50983e+012	4.67541e+012	-5.00539e+012	5.04528e+012	-6.99766e+012	5.36799e+012	
-1.50058e+012	3.77553e+012	-2.36674e+012	4.25739e+012	-3.52995e+012	4.70339e+012	-5.03409e+012	5.07507e+012	-7.03758e+012	5.3993e+012	
-1.50869e+012	3.79854e+012	-2.38006e+012	4.28304e+012	-3.55007e+012	4.73137e+012	-5.06278e+012	5.10487e+012	-7.0775e+012	5.4306e+012	
-1.5168e+012	3.82155e+012	-2.39338e+012	4.30869e+012	-3.57019e+012	4.75934e+012	-5.09148e+012	5.13466e+012	-7.11742e+012	5.46191e+012	
-1.5249e+012	3.84456e+012	-2.4067e+012	4.33434e+012	-3.59031e+012	4.78732e+012	-5.12017e+012	5.16445e+012	-7.15734e+012	5.49321e+012	
-1.53301e+012	3.86756e+012	-2.42002e+012	4.35998e+012	-3.61042e+012	4.81529e+012	-5.14886e+012	5.19424e+012	-7.19725e+012	5.52452e+012	
-1.54111e+012	3.89056e+012	-2.43334e+012	4.38563e+012	-3.63054e+012	4.84326e+012	-5.17756e+012	5.22404e+012	-7.23717e+012	5.55582e+012	
-1.54922e+012	3.91356e+012	-2.44666e+012	4.41127e+012	-3.65066e+012	4.87123e+012	-5.20625e+012	5.25383e+012	-7.27709e+012	5.58712e+012	
-1.55732e+012	3.93656e+012	-2.45998e+012	4.43691e+012	-3.67077e+012	4.8992e+012	-5.23494e+012	5.28362e+012	-7.31701e+012	5.61843e+012	
-1.56542e+012	3.95955e+012	-2.47329e+012	4.46255e+012	-3.69089e+012	4.92717e+012	-5.26363e+012	5.31341e+012	-7.35692e+012	5.64973e+012	
-1.57352e+012	3.98254e+012	-2.48661e+012	4.48819e+012	-3.711e+012	4.95514e+012	-5.29232e+012	5.3432e+012	-7.39684e+012	5.68103e+012	
