200.5	1.78688e+034	200.5	1.60819e+034	200.5	1.42951e+034	200.5	1.25082e+034	200.5	1.07213e+034	
202	1.78688e+034	202	1.60819e+034	202	1.42951e+034	202	1.25082e+034	202	1.07213e+034	
203.5	1.78688e+034	203.5	1.60819e+034	203.5	1.42951e+034	203.5	1.25082e+034	203.5	1.07213e+034	
205	1.78688e+034	205	1.60819e+034	205	1.42951e+034	205	1.25082e+034	205	1.07213e+034	
206.5	1.78688e+034	206.5	1.60819e+034	206.5	1.42951e+034	206.5	1.25082e+034	206.5	1.07213e+034	
208	1.78688e+034	208	1.60819e+034	208	1.42951e+034	208	1.25082e+034	208	1.07213e+034	
209.5	1.78688e+034	209.5	1.60819e+034	209.5	1.42951e+034	209.5	1.25082e+034	209.5	1.07213e+034	
211	1.78688e+034	211	1.60819e+034	211	1.42951e+034	211	1.25082e+034	211	1.07213e+034	
212.5	1.78688e+034	212.5	1.60819e+034	212.5	1.42951e+034	212.5	1.25082e+034	212.5	1.07213e+034	
214	1.78688e+034	214	1.60819e+034	214	1.42951e+034	214	1.25082e+034	214	1.07213e+034	
215.5	1.78688e+034	215.5	1.60819e+034	215.5	1.42951e+034	215.5	1.25082e+034	215.5	1.07213e+034	
217	1.78688e+034	217	1.60819e+034	217	1.42951e+034	217	1.25082e+034	217	1.07213e+034	
218.5	1.78688e+034	218.5	1.60819e+034	218.5	1.42951e+034	218.5	1.25082e+034	218.5	1.07213e+034	
220	1.78688e+034	220	1.60819e+034	220	1.42951e+034	220	1.25082e+034	220	1.07213e+034	
221.5	1.78688e+034	221.5	1.60819e+034	221.5	1.42951e+034	221.5	1.25082e+034	221.5	1.07213e+034	
223	1.78688e+034	223	1.60819e+034	223	1.42951e+034	223	1.25082e+034	223	1.07213e+034	
224.5	1.78688e+034	224.5	1.60819e+034	224.5	1.42951e+034	224.5	1.25082e+034	224.5	1.07213e+034	
226	1.78688e+034	226	1.60819e+034	226	1.42951e+034	226	1.25082e+034	226	1.07213e+034	
227.5	1.78688e+034	227.5	1.60819e+034	227.5	1.42951e+034	227.5	1.25082e+034	227.5	1.07213e+034	
229	1.78688e+034	229	1.60819e+034	229	1.42951e+034	229	1.25082e+034	229	1.07213e+034	
230.5	1.78688e+034	230.5	1.60819e+034	230.5	1.42951e+034	230.5	1.25082e+034	230.5	1.07213e+034	
232	1.78688e+034	232	1.60819e+034	232	1.42951e+034	232	1.25082e+034	232	1.07213e+034	
233.5	1.78688e+034	233.5	1.60819e+034	233.5	1.42951e+034	233.5	1.25082e+034	233.5	1.07213e+034	
235	1.78688e+034	235	1.60819e+034	235	1.42951e+034	235	1.25082e+034	235	1.07213e+034	
236.5	1.78688e+034	236.5	1.60819e+034	236.5	1.42951e+034	236.5	1.25082e+034	236.5	1.07213e+034	
238	1.78688e+034	238	1.60819e+034	238	1.42951e+034	238	1.25082e+034	238	1.07213e+034	
239.5	1.78688e+034	239.5	1.60819e+034	239.5	1.42951e+034	239.5	1.25082e+034	239.5	1.07213e+034	
241	1.78688e+034	241	1.60819e+034	241	1.42951e+034	241	1.25082e+034	241	1.07213e+034	
242.5	1.78688e+034	242.5	1.60819e+034	242.5	1.42951e+034	242.5	1.25082e+034	242.5	1.07213e+034	
244	1.78688e+034	244	1.60819e+034	244	1.42951e+034	244	1.25082e+034	244	1.07213e+034	
245.5	1.78688e+034	245.5	1.60819e+034	245.5	1.42951e+034	245.5	1.25082e+034	245.5	1.07213e+034	
247	1.78688e+034	247	1.60819e+034	247	1.42951e+034	247	1.25082e+034	247	1.07213e+034	
248.5	1.78688e+034	248.5	1.60819e+034	248.5	1.42951e+034	248.5	1.25082e+034	248.5	1.07213e+034	
250	1.78688e+034	250	1.60819e+034	250	1.42951e+034	250	1.25082e+034	250	1.07213e+034	
251.5	1.78688e+034	251.5	1.60819e+034	251.5	1.42951e+034	251.5	1.25082e+034	251.5	1.07213e+034	
253	1.78688e+034	253	1.60819e+034	253	1.42951e+034	253	1.25082e+034	253	1.07213e+034	
254.5	1.78688e+034	254.5	1.60819e+034	254.5	1.42951e+034	254.5	1.25082e+034	254.5	1.07213e+034	
256	1.78688e+034	256	1.60819e+034	256	1.42951e+034	256	1.25082e+034	256	1.07213e+034	
257.5	1.78688e+034	257.5	1.60819e+034	257.5	1.42951e+034	257.5	1.25082e+034	257.5	1.07213e+034	
259	1.78688e+034	259	1.60819e+034	259	1.42951e+034	259	1.25082e+034	259	1.07213e+034	
260.5	1.78688e+034	260.5	1.60819e+034	260.5	1.42951e+034	260.5	1.25082e+034	260.5	1.07213e+034	
262	1.78688e+034	262	1.60819e+034	262	1.42951e+034	262	1.25082e+034	262	1.07213e+034	
263.5	1.78688e+034	263.5	1.60819e+034	263.5	1.42951e+034	263.5	1.25082e+034	263.5	1.07213e+034	
265	1.78688e+034	265	1.60819e+034	265	1.42951e+034	265	1.25082e+034	265	1.07213e+034	
266.5	1.78688e+034	266.5	1.60819e+034	266.5	1.42951e+034	266.5	1.25082e+034	266.5	1.07213e+034	
268	1.78688e+034	268	1.60819e+034	268	1.42951e+034	268	1.25082e+034	268	1.07213e+034	
269.5	1.78688e+034	269.5	1.60819e+034	269.5	1.42951e+034	269.5	1.25082e+034	269.5	1.07213e+034	
271	1.78688e+034	271	1.60819e+034	271	1.42951e+034	271	1.25082e+034	271	1.07213e+034	
272.5	1.78688e+034	272.5	1.60819e+034	272.5	1.42951e+034	272.5	1.25082e+034	272.5	1.07213e+034	
274	1.78688e+034	274	1.60819e+034	274	1.42951e+034	274	1.25082e+034	274	1.07213e+034	
275.5	1.78688e+034	275.5	1.60819e+034	275.5	1.42951e+034	275.5	1.25082e+034	275.5	1.07213e+034	
277	1.78688e+034	277	1.60819e+034	277	1.42951e+034	277	1.25082e+034	277	1.07213e+034	
278.5	1.78688e+034	278.5	1.60819e+034	278.5	1.42951e+034	278.5	1.25082e+034	278.5	1.07213e+034	
280	1.78688e+034	280	1.60819e+034	280	1.42951e+034	280	1.25082e+034	280	1.07213e+034	
281.5	1.78688e+034	281.5	1.60819e+034	281.5	1.42951e+034	281.5	1.25082e+034	281.5	1.07213e+034	
283	1.78688e+034	283	1.60819e+034	283	1.42951e+034	283	1.25082e+034	283	1.07213e+034	
284.5	1.78688e+034	284.5	1.60819e+034	284.5	1.42951e+034	284.5	1.25082e+034	284.5	1.07213e+034	
286	1.78688e+034	286	1.60819e+034	286	1.42951e+034	286	1.25082e+034	286	1.07213e+034	
287.5	1.78688e+034	287.5	1.60819e+034	287.5	1.42951e+034	287.5	1.25082e+034	287.5	1.07213e+034	
289	1.78688e+034	289	1.60819e+034	289	1.42951e+034	289	1.25082e+034	289	1.07213e+034	
290.5	1.78688e+034	290.5	1.60819e+034	290.5	1.42951e+034	290.5	1.25082e+034	290.5	1.07213e+034	
292	1.78688e+034	292	1.60819e+034	292	1.42951e+034	292	1.25082e+034	292	1.07213e+034	
293.5	1.78688e+034	293.5	1.60819e+034	293.5	1.42951e+034	293.5	1.25082e+034	293.5	1.07213e+034	
295	1.78688e+034	295	1.60819e+034	295	1.42951e+034	295	1.25082e+034	295	1.07213e+034	
296.5	1.78688e+034	296.5	1.60819e+034	296.5	1.42951e+034	296.5	1.25082e+034	296.5	1.07213e+034	
298	1.78688e+034	298	1.60819e+034	298	1.42951e+034	298	1.25082e+034	298	1.07213e+034	
299.5	1.78688e+034	299.5	1.60819e+034	299.5	1.42951e+034	299.5	1.25082e+034	299.5	1.07213e+034	
301	1.78688e+034	301	1.60819e+034	301	1.42951e+034	301	1.25082e+034	301	1.07213e+034	
302.5	1.78688e+034	302.5	1.60819e+034	302.5	1.42951e+034	302.5	1.25082e+034	302.5	1.07213e+034	
304	1.78688e+034	304	1.60819e+034	304	1.42951e+034	304	1.25082e+034	304	1.07213e+034	
305.5	1.78688e+034	305.5	1.60819e+034	305.5	1.42951e+034	305.5	1.25082e+034	305.5	1.07213e+034	
307	1.78688e+034	307	1.60819e+034	307	1.42951e+034	307	1.25082e+034	307	1.07213e+034	
308.5	1.78688e+034	308.5	1.60819e+034	308.5	1.42951e+034	308.5	1.25082e+034	308.5	1.07213e+034	
310	1.78688e+034	310	1.60819e+034	310	1.42951e+034	310	1.25082e+034	310	1.07213e+034	
311.5	1.78688e+034	311.5	1.60819e+034	311.5	1.42951e+034	311.5	1.25082e+034	311.5	1.07213e+034	
313	1.78688e+034	313	1.60819e+034	313	1.42951e+034	313	1.25082e+034	313	1.07213e+034	
314.5	1.78688e+034	314.5	1.60819e+034	314.5	1.42951e+034	314.5	1.25082e+034	314.5	1.07213e+034	
316	1.78688e+034	316	1.60819e+034	316	1.42951e+034	316	1.25082e+034	316	1.07213e+034	
317.5	1.78688e+034	317.5	1.60819e+034	317.5	1.42951e+034	317.5	1.25082e+034	317.5	1.07213e+034	
319	1.78688e+034	319	1.60819e+034	319	1.42951e+034	319	1.25082e+034	319	1.07213e+034	
320.5	1.78688e+034	320.5	1.60819e+034	320.5	1.42951e+034	320.5	1.25082e+034	320.5	1.07213e+034	
322	1.78688e+034	322	1.60819e+034	322	1.42951e+034	322	1.25082e+034	322	1.07213e+034	
323.5	1.78688e+034	323.5	1.60819e+034	323.5	1.42951e+034	323.5	1.25082e+034	323.5	1.07213e+034	
325	1.78688e+034	325	1.60819e+034	325	1.42951e+034	325	1.25082e+034	325	1.07213e+034	
326.5	1.78688e+034	326.5	1.60819e+034	326.5	1.42951e+034	326.5	1.25082e+034	326.5	1.07213e+034	
328	1.78688e+034	328	1.60819e+034	328	1.42951e+034	328	1.25082e+034	328	1.07213e+034	
329.5	1.78688e+034	329.5	1.60819e+034	329.5	1.42951e+034	329.5	1.25082e+034	329.5	1.07213e+034	
331	1.78688e+034	331	1.60819e+034	331	1.42951e+034	331	1.25082e+034	331	1.07213e+034	
332.5	1.78688e+034	332.5	1.60819e+034	332.5	1.42951e+034	332.5	1.25082e+034	332.5	1.07213e+034	
334	1.78688e+034	334	1.60819e+034	334	1.42951e+034	334	1.25082e+034	334	1.07213e+034	
335.5	1.78688e+034	335.5	1.60819e+034	335.5	1.42951e+034	335.5	1.25082e+034	335.5	1.07213e+034	
337	1.78688e+034	337	1.60819e+034	337	1.42951e+034	337	1.25082e+034	337	1.07213e+034	
338.5	1.78688e+034	338.5	1.60819e+034	338.5	1.42951e+034	338.5	1.25082e+034	338.5	1.07213e+034	
340	1.78688e+034	340	1.60819e+034	340	1.42951e+034	340	1.25082e+034	340	1.07213e+034	
341.5	1.78688e+034	341.5	1.60819e+034	341.5	1.42951e+034	341.5	1.25082e+034	341.5	1.07213e+034	
343	1.78688e+034	343	1.60819e+034	343	1.42951e+034	343	1.25082e+034	343	1.07213e+034	
344.5	1.78688e+034	344.5	1.60819e+034	344.5	1.42951e+034	344.5	1.25082e+034	344.5	1.07213e+034	
346	1.78688e+034	346	1.60819e+034	346	1.42951e+034	346	1.25082e+034	346	1.07213e+034	
347.5	1.78688e+034	347.5	1.60819e+034	347.5	1.42951e+034	347.5	1.25082e+034	347.5	1.07213e+034	
349	1.78688e+034	349	1.60819e+034	349	1.42951e+034	349	1.25082e+034	349	1.07213e+034	
350.5	1.78688e+034	350.5	1.60819e+034	350.5	1.42951e+034	350.5	1.25082e+034	350.5	1.07213e+034	
352	1.78688e+034	352	1.60819e+034	352	1.42951e+034	352	1.25082e+034	352	1.07213e+034	
353.5	1.78688e+034	353.5	1.60819e+034	353.5	1.42951e+034	353.5	1.25082e+034	353.5	1.07213e+034	
355	1.78688e+034	355	1.60819e+034	355	1.42951e+034	355	1.25082e+034	355	1.07213e+034	
356.5	1.78688e+034	356.5	1.60819e+034	356.5	1.42951e+034	356.5	1.25082e+034	356.5	1.07213e+034	
358	1.78688e+034	358	1.60819e+034	358	1.42951e+034	358	1.25082e+034	358	1.07213e+034	
359.5	1.78688e+034	359.5	1.60819e+034	359.5	1.42951e+034	359.5	1.25082e+034	359.5	1.07213e+034	
361	1.78688e+034	361	1.60819e+034	361	1.42951e+034	361	1.25082e+034	361	1.07213e+034	
362.5	1.78688e+034	362.5	1.60819e+034	362.5	1.42951e+034	362.5	1.25082e+034	362.5	1.07213e+034	
364	1.78688e+034	364	1.60819e+034	364	1.42951e+034	364	1.25082e+034	364	1.07213e+034	
365.5	1.78688e+034	365.5	1.60819e+034	365.5	1.42951e+034	365.5	1.25082e+034	365.5	1.07213e+034	
367	1.78688e+034	367	1.60819e+034	367	1.42951e+034	367	1.25082e+034	367	1.07213e+034	
368.5	1.78688e+034	368.5	1.60819e+034	368.5	1.42951e+034	368.5	1.25082e+034	368.5	1.07213e+034	
370	1.78688e+034	370	1.60819e+034	370	1.42951e+034	370	1.25082e+034	370	1.07213e+034	
371.5	1.78688e+034	371.5	1.60819e+034	371.5	1.42951e+034	371.5	1.25082e+034	371.5	1.07213e+034	
373	1.78688e+034	373	1.60819e+034	373	1.42951e+034	373	1.25082e+034	373	1.07213e+034	
374.5	1.78688e+034	374.5	1.60819e+034	374.5	1.42951e+034	374.5	1.25082e+034	374.5	1.07213e+034	
376	1.78688e+034	376	1.60819e+034	376	1.42951e+034	376	1.25082e+034	376	1.07213e+034	
377.5	1.78688e+034	377.5	1.60819e+034	377.5	1.42951e+034	377.5	1.25082e+034	377.5	1.07213e+034	
379	1.78688e+034	379	1.60819e+034	379	1.42951e+034	379	1.25082e+034	379	1.07213e+034	
380.5	1.78688e+034	380.5	1.60819e+034	380.5	1.42951e+034	380.5	1.25082e+034	380.5	1.07213e+034	
382	1.78688e+034	382	1.60819e+034	382	1.42951e+034	382	1.25082e+034	382	1.07213e+034	
383.5	1.78688e+034	383.5	1.60819e+034	383.5	1.42951e+034	383.5	1.25082e+034	383.5	1.07213e+034	
385	1.78688e+034	385	1.60819e+034	385	1.42951e+034	385	1.25082e+034	385	1.07213e+034	
386.5	1.78688e+034	386.5	1.60819e+034	386.5	1.42951e+034	386.5	1.25082e+034	386.5	1.07213e+034	
388	1.78688e+034	388	1.60819e+034	388	1.42951e+034	388	1.25082e+034	388	1.07213e+034	
389.5	1.78688e+034	389.5	1.60819e+034	389.5	1.42951e+034	389.5	1.25082e+034	389.5	1.07213e+034	
391	1.78688e+034	391	1.60819e+034	391	1.42951e+034	391	1.25082e+034	391	1.07213e+034	
392.5	1.78688e+034	392.5	1.60819e+034	392.5	1.42951e+034	392.5	1.25082e+034	392.5	1.07213e+034	
394	1.78688e+034	394	1.60819e+034	394	1.42951e+034	394	1.25082e+034	394	1.07213e+034	
395.5	1.78688e+034	395.5	1.60819e+034	395.5	1.42951e+034	395.5	1.25082e+034	395.5	1.07213e+034	
397	1.78688e+034	397	1.60819e+034	397	1.42951e+034	397	1.25082e+034	397	1.07213e+034	
398.5	1.78688e+034	398.5	1.60819e+034	398.5	1.42951e+034	398.5	1.25082e+034	398.5	1.07213e+034	
400	1.78688e+034	400	1.60819e+034	400	1.42951e+034	400	1.25082e+034	400	1.07213e+034	
401.5	1.78688e+034	401.5	1.60819e+034	401.5	1.42951e+034	401.5	1.25082e+034	401.5	1.07213e+034	
403	1.78688e+034	403	1.60819e+034	403	1.42951e+034	403	1.25082e+034	403	1.07213e+034	
404.5	1.78688e+034	404.5	1.60819e+034	404.5	1.42951e+034	404.5	1.25082e+034	404.5	1.07213e+034	
406	1.78688e+034	406	1.60819e+034	406	1.42951e+034	406	1.25082e+034	406	1.07213e+034	
407.5	1.78688e+034	407.5	1.60819e+034	407.5	1.42951e+034	407.5	1.25082e+034	407.5	1.07213e+034	
409	1.78688e+034	409	1.60819e+034	409	1.42951e+034	409	1.25082e+034	409	1.07213e+034	
410.5	1.78688e+034	410.5	1.60819e+034	410.5	1.42951e+034	410.5	1.25082e+034	410.5	1.07213e+034	
412	1.78688e+034	412	1.60819e+034	412	1.42951e+034	412	1.25082e+034	412	1.07213e+034	
413.5	1.78688e+034	413.5	1.60819e+034	413.5	1.42951e+034	413.5	1.25082e+034	413.5	1.07213e+034	
415	1.78688e+034	415	1.60819e+034	415	1.42951e+034	415	1.25082e+034	415	1.07213e+034	
416.5	1.78688e+034	416.5	1.60819e+034	416.5	1.42951e+034	416.5	1.25082e+034	416.5	1.07213e+034	
418	1.78688e+034	418	1.60819e+034	418	1.42951e+034	418	1.25082e+034	418	1.07213e+034	
419.5	1.78688e+034	419.5	1.60819e+034	419.5	1.42951e+034	419.5	1.25082e+034	419.5	1.07213e+034	
421	1.78688e+034	421	1.60819e+034	421	1.42951e+034	421	1.25082e+034	421	1.07213e+034	
422.5	1.78688e+034	422.5	1.60819e+034	422.5	1.42951e+034	422.5	1.25082e+034	422.5	1.07213e+034	
424	1.78688e+034	424	1.60819e+034	424	1.42951e+034	424	1.25082e+034	424	1.07213e+034	
425.5	1.78688e+034	425.5	1.60819e+034	425.5	1.42951e+034	425.5	1.25082e+034	425.5	1.07213e+034	
427	1.78688e+034	427	1.60819e+034	427	1.42951e+034	427	1.25082e+034	427	1.07213e+034	
428.5	1.78688e+034	428.5	1.60819e+034	428.5	1.42951e+034	428.5	1.25082e+034	428.5	1.07213e+034	
430	1.78688e+034	430	1.60819e+034	430	1.42951e+034	430	1.25082e+034	430	1.07213e+034	
431.5	1.78688e+034	431.5	1.60819e+034	431.5	1.42951e+034	431.5	1.25082e+034	431.5	1.07213e+034	
433	1.78688e+034	433	1.60819e+034	433	1.42951e+034	433	1.25082e+034	433	1.07213e+034	
434.5	1.78688e+034	434.5	1.60819e+034	434.5	1.42951e+034	434.5	1.25082e+034	434.5	1.07213e+034	
436	1.78688e+034	436	1.60819e+034	436	1.42951e+034	436	1.25082e+034	436	1.07213e+034	
437.5	1.78688e+034	437.5	1.60819e+034	437.5	1.42951e+034	437.5	1.25082e+034	437.5	1.07213e+034	
439	1.78688e+034	439	1.60819e+034	439	1.42951e+034	439	1.25082e+034	439	1.07213e+034	
440.5	1.78688e+034	440.5	1.60819e+034	440.5	1.42951e+034	440.5	1.25082e+034	440.5	1.07213e+034	
442	1.78688e+034	442	1.60819e+034	442	1.42951e+034	442	1.25082e+034	442	1.07213e+034	
443.5	1.78688e+034	443.5	1.60819e+034	443.5	1.42951e+034	443.5	1.25082e+034	443.5	1.07213e+034	
445	1.78688e+034	445	1.60819e+034	445	1.42951e+034	445	1.25082e+034	445	1.07213e+034	
446.5	1.78688e+034	446.5	1.60819e+034	446.5	1.42951e+034	446.5	1.25082e+034	446.5	1.07213e+034	
448	1.78688e+034	448	1.60819e+034	448	1.42951e+034	448	1.25082e+034	448	1.07213e+034	
449.5	1.78688e+034	449.5	1.60819e+034	449.5	1.42951e+034	449.5	1.25082e+034	449.5	1.07213e+034	
451	1.78688e+034	451	1.60819e+034	451	1.42951e+034	451	1.25082e+034	451	1.07213e+034	
452.5	1.78688e+034	452.5	1.60819e+034	452.5	1.42951e+034	452.5	1.25082e+034	452.5	1.07213e+034	
454	1.78688e+034	454	1.60819e+034	454	1.42951e+034	454	1.25082e+034	454	1.07213e+034	
455.5	1.78688e+034	455.5	1.60819e+034	455.5	1.42951e+034	455.5	1.25082e+034	455.5	1.07213e+034	
457	1.78688e+034	457	1.60819e+034	457	1.42951e+034	457	1.25082e+034	457	1.07213e+034	
458.5	1.78688e+034	458.5	1.60819e+034	458.5	1.42951e+034	458.5	1.25082e+034	458.5	1.07213e+034	
460	1.78688e+034	460	1.60819e+034	460	1.42951e+034	460	1.25082e+034	460	1.07213e+034	
461.5	1.78688e+034	461.5	1.60819e+034	461.5	1.42951e+034	461.5	1.25082e+034	461.5	1.07213e+034	
463	1.78688e+034	463	1.60819e+034	463	1.42951e+034	463	1.25082e+034	463	1.07213e+034	
464.5	1.78688e+034	464.5	1.60819e+034	464.5	1.42951e+034	464.5	1.25082e+034	464.5	1.07213e+034	
466	1.78688e+034	466	1.60819e+034	466	1.42951e+034	466	1.25082e+034	466	1.07213e+034	
467.5	1.78688e+034	467.5	1.60819e+034	467.5	1.42951e+034	467.5	1.25082e+034	467.5	1.07213e+034	
469	1.78688e+034	469	1.60819e+034	469	1.42951e+034	469	1.25082e+034	469	1.07213e+034	
470.5	1.78688e+034	470.5	1.60819e+034	470.5	1.42951e+034	470.5	1.25082e+034	470.5	1.07213e+034	
472	1.78688e+034	472	1.60819e+034	472	1.42951e+034	472	1.25082e+034	472	1.07213e+034	
473.5	1.78688e+034	473.5	1.60819e+034	473.5	1.42951e+034	473.5	1.25082e+034	473.5	1.07213e+034	
475	1.78688e+034	475	1.60819e+034	475	1.42951e+034	475	1.25082e+034	475	1.07213e+034	
476.5	1.78688e+034	476.5	1.60819e+034	476.5	1.42951e+034	476.5	1.25082e+034	476.5	1.07213e+034	
478	1.78688e+034	478	1.60819e+034	478	1.42951e+034	478	1.25082e+034	478	1.07213e+034	
479.5	1.78688e+034	479.5	1.60819e+034	479.5	1.42951e+034	479.5	1.25082e+034	479.5	1.07213e+034	
481	1.78688e+034	481	1.60819e+034	481	1.42951e+034	481	1.25082e+034	481	1.07213e+034	
482.5	1.78688e+034	482.5	1.60819e+034	482.5	1.42951e+034	482.5	1.25082e+034	482.5	1.07213e+034	
484	1.78688e+034	484	1.60819e+034	484	1.42951e+034	484	1.25082e+034	484	1.07213e+034	
485.5	1.78688e+034	485.5	1.60819e+034	485.5	1.42951e+034	485.5	1.25082e+034	485.5	1.07213e+034	
487	1.78688e+034	487	1.60819e+034	487	1.42951e+034	487	1.25082e+034	487	1.07213e+034	
488.5	1.78688e+034	488.5	1.60819e+034	488.5	1.42951e+034	488.5	1.25082e+034	488.5	1.07213e+034	
490	1.78688e+034	490	1.60819e+034	490	1.42951e+034	490	1.25082e+034	490	1.07213e+034	
491.5	1.78688e+034	491.5	1.60819e+034	491.5	1.42951e+034	491.5	1.25082e+034	491.5	1.07213e+034	
493	1.78688e+034	493	1.60819e+034	493	1.42951e+034	493	1.25082e+034	493	1.07213e+034	
494.5	1.78688e+034	494.5	1.60819e+034	494.5	1.42951e+034	494.5	1.25082e+034	494.5	1.07213e+034	
496	1.78688e+034	496	1.60819e+034	496	1.42951e+034	496	1.25082e+034	496	1.07213e+034	
497.5	1.78688e+034	497.5	1.60819e+034	497.5	1.42951e+034	497.5	1.25082e+034	497.5	1.07213e+034	
499	1.78688e+034	499	1.60819e+034	499	1.42951e+034	499	1.25082e+034	499	1.07213e+034	
