2.992e+011	1.43552e+011	2.6928e+011	1.43552e+011	2.3936e+011	1.43552e+011	2.0944e+011	1.43552e+011	1.7952e+011	1.43552e+011	
2.992e+011	1.37504e+011	2.6928e+011	1.37504e+011	2.3936e+011	1.37504e+011	2.0944e+011	1.37504e+011	1.7952e+011	1.37504e+011	
2.99199e+011	1.31456e+011	2.6928e+011	1.31456e+011	2.3936e+011	1.31456e+011	2.0944e+011	1.31456e+011	1.7952e+011	1.31456e+011	
2.99199e+011	1.25408e+011	2.69279e+011	1.25408e+011	2.3936e+011	1.25408e+011	2.0944e+011	1.25408e+011	1.7952e+011	1.25408e+011	
2.99199e+011	1.19359e+011	2.69279e+011	1.19359e+011	2.39359e+011	1.1936e+011	2.0944e+011	1.1936e+011	1.7952e+011	1.1936e+011	
2.99198e+011	1.13311e+011	2.69279e+011	1.13311e+011	2.39359e+011	1.13312e+011	2.09439e+011	1.13312e+011	1.7952e+011	1.13312e+011	
2.99197e+011	1.07263e+011	2.69278e+011	1.07263e+011	2.39359e+011	1.07263e+011	2.09439e+011	1.07263e+011	1.79519e+011	1.07264e+011	
2.99196e+011	1.01214e+011	2.69278e+011	1.01215e+011	2.39358e+011	1.01215e+011	2.09439e+011	1.01215e+011	1.79519e+011	1.01215e+011	
2.99195e+011	9.5166e+010	2.69277e+011	9.51665e+010	2.39358e+011	9.5167e+010	2.09439e+011	9.51672e+010	1.79519e+011	9.51673e+010	
2.99194e+011	8.91175e+010	2.69276e+011	8.91182e+010	2.39358e+011	8.91187e+010	2.09438e+011	8.9119e+010	1.79519e+011	8.91192e+010	
2.99193e+011	8.30691e+010	2.69276e+011	8.30699e+010	2.39357e+011	8.30705e+010	2.09438e+011	8.30708e+010	1.79519e+011	8.3071e+010	
2.99192e+011	7.70206e+010	2.69275e+011	7.70216e+010	2.39357e+011	7.70222e+010	2.09438e+011	7.70226e+010	1.79518e+011	7.70228e+010	
2.9919e+011	7.09721e+010	2.69274e+011	7.09732e+010	2.39356e+011	7.09739e+010	2.09437e+011	7.09744e+010	1.79518e+011	7.09746e+010	
2.99189e+011	6.49235e+010	2.69273e+011	6.49248e+010	2.39355e+011	6.49257e+010	2.09437e+011	6.49261e+010	1.79518e+011	6.49264e+010	
2.99187e+011	5.88749e+010	2.69272e+011	5.88764e+010	2.39355e+011	5.88773e+010	2.09436e+011	5.88779e+010	1.79517e+011	5.88782e+010	
2.99185e+011	5.28263e+010	2.69271e+011	5.2828e+010	2.39354e+011	5.2829e+010	2.09436e+011	5.28296e+010	1.79517e+011	5.283e+010	
2.99184e+011	4.67777e+010	2.6927e+011	4.67795e+010	2.39353e+011	4.67807e+010	2.09435e+011	4.67814e+010	1.79517e+011	4.67818e+010	
2.99182e+011	4.0729e+010	2.69268e+011	4.07311e+010	2.39352e+011	4.07324e+010	2.09435e+011	4.07331e+010	1.79516e+011	4.07336e+010	
2.99179e+011	3.46804e+010	2.69267e+011	3.46826e+010	2.39351e+011	3.4684e+010	2.09434e+011	3.46848e+010	1.79516e+011	3.46854e+010	
2.99177e+011	2.86317e+010	2.69266e+011	2.86341e+010	2.3935e+011	2.86357e+010	2.09433e+011	2.86365e+010	1.79515e+011	2.86371e+010	
2.99175e+011	2.2583e+010	2.69264e+011	2.25857e+010	2.39349e+011	2.25873e+010	2.09433e+011	2.25883e+010	1.79515e+011	2.25889e+010	
2.99172e+011	1.65343e+010	2.69263e+011	1.65372e+010	2.39348e+011	1.6539e+010	2.09432e+011	1.654e+010	1.79514e+011	1.65407e+010	
2.9917e+011	1.04856e+010	2.69261e+011	1.04887e+010	2.39347e+011	1.04906e+010	2.09431e+011	1.04917e+010	1.79514e+011	1.04924e+010	
2.99167e+011	4.43692e+009	2.69259e+011	4.44019e+009	2.39346e+011	4.44223e+009	2.09431e+011	4.44338e+009	1.79513e+011	4.44416e+009	
2.99164e+011	-1.61179e+009	2.69257e+011	-1.6083e+009	2.39345e+011	-1.60614e+009	2.0943e+011	-1.60491e+009	1.79513e+011	-1.60408e+009	
2.99161e+011	-7.66049e+009	2.69256e+011	-7.6568e+009	2.39344e+011	-7.65451e+009	2.09429e+011	-7.65321e+009	1.79512e+011	-7.65232e+009	
2.99158e+011	-1.37092e+010	2.69254e+011	-1.37053e+010	2.39343e+011	-1.37029e+010	2.09428e+011	-1.37015e+010	1.79511e+011	-1.37006e+010	
2.99155e+011	-1.97579e+010	2.69252e+011	-1.97538e+010	2.39341e+011	-1.97512e+010	2.09427e+011	-1.97498e+010	1.79511e+011	-1.97488e+010	
2.99152e+011	-2.58066e+010	2.6925e+011	-2.58023e+010	2.3934e+011	-2.57996e+010	2.09426e+011	-2.57981e+010	1.7951e+011	-2.5797e+010	
2.99149e+011	-3.18553e+010	2.69248e+011	-3.18507e+010	2.39339e+011	-3.1848e+010	2.09425e+011	-3.18464e+010	1.79509e+011	-3.18453e+010	
2.99145e+011	-3.79039e+010	2.69245e+011	-3.78992e+010	2.39337e+011	-3.78963e+010	2.09424e+011	-3.78946e+010	1.79509e+011	-3.78935e+010	
2.99142e+011	-4.39526e+010	2.69243e+011	-4.39477e+010	2.39336e+011	-4.39446e+010	2.09423e+011	-4.39429e+010	1.79508e+011	-4.39417e+010	
2.99138e+011	-5.00012e+010	2.69241e+011	-4.99961e+010	2.39334e+011	-4.9993e+010	2.09422e+011	-4.99912e+010	1.79507e+011	-4.999e+010	
2.99134e+011	-5.60498e+010	2.69238e+011	-5.60445e+010	2.39332e+011	-5.60413e+010	2.09421e+011	-5.60394e+010	1.79506e+011	-5.60382e+010	
2.9913e+011	-6.20984e+010	2.69236e+011	-6.2093e+010	2.39331e+011	-6.20896e+010	2.0942e+011	-6.20877e+010	1.79505e+011	-6.20864e+010	
2.99126e+011	-6.8147e+010	2.69233e+011	-6.81414e+010	2.39329e+011	-6.81379e+010	2.09419e+011	-6.81359e+010	1.79505e+011	-6.81346e+010	
2.99122e+011	-7.41956e+010	2.69231e+011	-7.41897e+010	2.39327e+011	-7.41862e+010	2.09417e+011	-7.41841e+010	1.79504e+011	-7.41828e+010	
2.99118e+011	-8.02441e+010	2.69228e+011	-8.02381e+010	2.39326e+011	-8.02344e+010	2.09416e+011	-8.02324e+010	1.79503e+011	-8.02309e+010	
2.99113e+011	-8.62925e+010	2.69225e+011	-8.62864e+010	2.39324e+011	-8.62827e+010	2.09415e+011	-8.62806e+010	1.79502e+011	-8.62791e+010	
2.99109e+011	-9.2341e+010	2.69222e+011	-9.23348e+010	2.39322e+011	-9.23309e+010	2.09414e+011	-9.23288e+010	1.79501e+011	-9.23273e+010	
2.99104e+011	-9.83894e+010	2.6922e+011	-9.8383e+010	2.3932e+011	-9.83792e+010	2.09412e+011	-9.83769e+010	1.795e+011	-9.83754e+010	
2.99099e+011	-1.04438e+011	2.69217e+011	-1.04431e+011	2.39318e+011	-1.04427e+011	2.09411e+011	-1.04425e+011	1.79499e+011	-1.04424e+011	
2.99095e+011	-1.10486e+011	2.69213e+011	-1.1048e+011	2.39316e+011	-1.10476e+011	2.09409e+011	-1.10473e+011	1.79498e+011	-1.10472e+011	
2.9909e+011	-1.16534e+011	2.6921e+011	-1.16528e+011	2.39314e+011	-1.16524e+011	2.09408e+011	-1.16521e+011	1.79497e+011	-1.1652e+011	
2.99085e+011	-1.22583e+011	2.69207e+011	-1.22576e+011	2.39312e+011	-1.22572e+011	2.09406e+011	-1.22569e+011	1.79496e+011	-1.22568e+011	
2.99079e+011	-1.28631e+011	2.69204e+011	-1.28624e+011	2.3931e+011	-1.2862e+011	2.09405e+011	-1.28618e+011	1.79495e+011	-1.28616e+011	
2.99074e+011	-1.34679e+011	2.69201e+011	-1.34672e+011	2.39307e+011	-1.34668e+011	2.09403e+011	-1.34666e+011	1.79494e+011	-1.34664e+011	
2.99069e+011	-1.40727e+011	2.69197e+011	-1.4072e+011	2.39305e+011	-1.40716e+011	2.09402e+011	-1.40714e+011	1.79493e+011	-1.40712e+011	
2.99063e+011	-1.46775e+011	2.69194e+011	-1.46768e+011	2.39303e+011	-1.46764e+011	2.094e+011	-1.46762e+011	1.79492e+011	-1.4676e+011	
2.99057e+011	-1.52823e+011	2.6919e+011	-1.52816e+011	2.393e+011	-1.52812e+011	2.09398e+011	-1.5281e+011	1.7949e+011	-1.52808e+011	
2.99052e+011	-1.58871e+011	2.69186e+011	-1.58864e+011	2.39298e+011	-1.5886e+011	2.09397e+011	-1.58858e+011	1.79489e+011	-1.58856e+011	
2.99046e+011	-1.64919e+011	2.69183e+011	-1.64912e+011	2.39296e+011	-1.64908e+011	2.09395e+011	-1.64906e+011	1.79488e+011	-1.64904e+011	
2.9904e+011	-1.70967e+011	2.69179e+011	-1.7096e+011	2.39293e+011	-1.70956e+011	2.09393e+011	-1.70954e+011	1.79487e+011	-1.70952e+011	
2.99034e+011	-1.77015e+011	2.69175e+011	-1.77008e+011	2.39291e+011	-1.77004e+011	2.09392e+011	-1.77001e+011	1.79485e+011	-1.77e+011	
2.99028e+011	-1.83062e+011	2.69171e+011	-1.83056e+011	2.39288e+011	-1.83052e+011	2.0939e+011	-1.83049e+011	1.79484e+011	-1.83048e+011	
2.99021e+011	-1.8911e+011	2.69167e+011	-1.89103e+011	2.39285e+011	-1.89099e+011	2.09388e+011	-1.89097e+011	1.79483e+011	-1.89096e+011	
2.99015e+011	-1.95157e+011	2.69163e+011	-1.95151e+011	2.39283e+011	-1.95147e+011	2.09386e+011	-1.95145e+011	1.79481e+011	-1.95143e+011	
2.99008e+011	-2.01205e+011	2.69159e+011	-2.01199e+011	2.3928e+011	-2.01195e+011	2.09384e+011	-2.01193e+011	1.7948e+011	-2.01191e+011	
2.99002e+011	-2.07252e+011	2.69155e+011	-2.07246e+011	2.39277e+011	-2.07243e+011	2.09382e+011	-2.0724e+011	1.79479e+011	-2.07239e+011	
2.98995e+011	-2.133e+011	2.69151e+011	-2.13294e+011	2.39274e+011	-2.1329e+011	2.0938e+011	-2.13288e+011	1.79477e+011	-2.13287e+011	
2.98988e+011	-2.19347e+011	2.69146e+011	-2.19341e+011	2.39271e+011	-2.19338e+011	2.09378e+011	-2.19336e+011	1.79476e+011	-2.19335e+011	
2.98981e+011	-2.25394e+011	2.69142e+011	-2.25389e+011	2.39268e+011	-2.25385e+011	2.09376e+011	-2.25384e+011	1.79474e+011	-2.25382e+011	
2.98974e+011	-2.31441e+011	2.69137e+011	-2.31436e+011	2.39266e+011	-2.31433e+011	2.09374e+011	-2.31431e+011	1.79473e+011	-2.3143e+011	
2.98967e+011	-2.37488e+011	2.69133e+011	-2.37483e+011	2.39263e+011	-2.3748e+011	2.09372e+011	-2.37479e+011	1.79471e+011	-2.37478e+011	
2.98959e+011	-2.43535e+011	2.69128e+011	-2.4353e+011	2.39259e+011	-2.43528e+011	2.0937e+011	-2.43526e+011	1.7947e+011	-2.43525e+011	
2.98952e+011	-2.49582e+011	2.69123e+011	-2.49578e+011	2.39256e+011	-2.49575e+011	2.09368e+011	-2.49574e+011	1.79468e+011	-2.49573e+011	
2.98944e+011	-2.55628e+011	2.69119e+011	-2.55625e+011	2.39253e+011	-2.55622e+011	2.09365e+011	-2.55621e+011	1.79467e+011	-2.5562e+011	
2.98936e+011	-2.61675e+011	2.69114e+011	-2.61672e+011	2.3925e+011	-2.6167e+011	2.09363e+011	-2.61669e+011	1.79465e+011	-2.61668e+011	
2.98929e+011	-2.67722e+011	2.69109e+011	-2.67719e+011	2.39247e+011	-2.67717e+011	2.09361e+011	-2.67716e+011	1.79464e+011	-2.67715e+011	
2.98921e+011	-2.73768e+011	2.69104e+011	-2.73765e+011	2.39243e+011	-2.73764e+011	2.09359e+011	-2.73763e+011	1.79462e+011	-2.73763e+011	
2.98913e+011	-2.79814e+011	2.69099e+011	-2.79812e+011	2.3924e+011	-2.79811e+011	2.09356e+011	-2.79811e+011	1.7946e+011	-2.7981e+011	
2.98904e+011	-2.8586e+011	2.69094e+011	-2.85859e+011	2.39237e+011	-2.85858e+011	2.09354e+011	-2.85858e+011	1.79458e+011	-2.85858e+011	
2.98896e+011	-2.91907e+011	2.69088e+011	-2.91906e+011	2.39233e+011	-2.91905e+011	2.09351e+011	-2.91905e+011	1.79457e+011	-2.91905e+011	
2.98888e+011	-2.97952e+011	2.69083e+011	-2.97952e+011	2.3923e+011	-2.97952e+011	2.09349e+011	-2.97952e+011	1.79455e+011	-2.97952e+011	
2.98879e+011	-3.03998e+011	2.69078e+011	-3.03999e+011	2.39226e+011	-3.03999e+011	2.09346e+011	-3.03999e+011	1.79453e+011	-3.03999e+011	
2.98871e+011	-3.10044e+011	2.69072e+011	-3.10045e+011	2.39223e+011	-3.10046e+011	2.09344e+011	-3.10046e+011	1.79451e+011	-3.10047e+011	
2.98862e+011	-3.1609e+011	2.69067e+011	-3.16091e+011	2.39219e+011	-3.16093e+011	2.09341e+011	-3.16093e+011	1.7945e+011	-3.16094e+011	
2.98853e+011	-3.22135e+011	2.69061e+011	-3.22138e+011	2.39215e+011	-3.22139e+011	2.09339e+011	-3.2214e+011	1.79448e+011	-3.22141e+011	
2.98844e+011	-3.28181e+011	2.69056e+011	-3.28184e+011	2.39211e+011	-3.28186e+011	2.09336e+011	-3.28187e+011	1.79446e+011	-3.28188e+011	
2.98835e+011	-3.34226e+011	2.6905e+011	-3.3423e+011	2.39208e+011	-3.34233e+011	2.09334e+011	-3.34234e+011	1.79444e+011	-3.34235e+011	
2.98826e+011	-3.40271e+011	2.69044e+011	-3.40276e+011	2.39204e+011	-3.40279e+011	2.09331e+011	-3.40281e+011	1.79442e+011	-3.40282e+011	
2.98817e+011	-3.46316e+011	2.69038e+011	-3.46322e+011	2.392e+011	-3.46326e+011	2.09328e+011	-3.46328e+011	1.7944e+011	-3.46329e+011	
2.98807e+011	-3.52361e+011	2.69032e+011	-3.52368e+011	2.39196e+011	-3.52372e+011	2.09326e+011	-3.52374e+011	1.79438e+011	-3.52376e+011	
2.98798e+011	-3.58405e+011	2.69026e+011	-3.58413e+011	2.39192e+011	-3.58418e+011	2.09323e+011	-3.58421e+011	1.79436e+011	-3.58423e+011	
2.98788e+011	-3.6445e+011	2.6902e+011	-3.64459e+011	2.39188e+011	-3.64464e+011	2.0932e+011	-3.64468e+011	1.79434e+011	-3.6447e+011	
2.98778e+011	-3.70494e+011	2.69014e+011	-3.70504e+011	2.39184e+011	-3.70511e+011	2.09317e+011	-3.70514e+011	1.79432e+011	-3.70516e+011	
2.98769e+011	-3.76539e+011	2.69008e+011	-3.7655e+011	2.3918e+011	-3.76557e+011	2.09314e+011	-3.76561e+011	1.7943e+011	-3.76563e+011	
2.98759e+011	-3.82583e+011	2.69002e+011	-3.82595e+011	2.39176e+011	-3.82603e+011	2.09311e+011	-3.82607e+011	1.79428e+011	-3.8261e+011	
2.98748e+011	-3.88627e+011	2.68995e+011	-3.8864e+011	2.39172e+011	-3.88649e+011	2.09308e+011	-3.88653e+011	1.79426e+011	-3.88656e+011	
2.98738e+011	-3.94671e+011	2.68989e+011	-3.94685e+011	2.39167e+011	-3.94694e+011	2.09305e+011	-3.947e+011	1.79424e+011	-3.94703e+011	
2.98728e+011	-4.00715e+011	2.68982e+011	-4.0073e+011	2.39163e+011	-4.0074e+011	2.09302e+011	-4.00746e+011	1.79422e+011	-4.00749e+011	
2.98718e+011	-4.06758e+011	2.68976e+011	-4.06775e+011	2.39159e+011	-4.06786e+011	2.09299e+011	-4.06792e+011	1.7942e+011	-4.06796e+011	
2.98707e+011	-4.12802e+011	2.68969e+011	-4.1282e+011	2.39154e+011	-4.12831e+011	2.09296e+011	-4.12838e+011	1.79417e+011	-4.12842e+011	
2.98696e+011	-4.18845e+011	2.68962e+011	-4.18865e+011	2.3915e+011	-4.18877e+011	2.09293e+011	-4.18884e+011	1.79415e+011	-4.18889e+011	
2.98686e+011	-4.24888e+011	2.68955e+011	-4.24909e+011	2.39145e+011	-4.24922e+011	2.0929e+011	-4.2493e+011	1.79413e+011	-4.24935e+011	
2.98675e+011	-4.30931e+011	2.68949e+011	-4.30954e+011	2.39141e+011	-4.30968e+011	2.09287e+011	-4.30976e+011	1.79411e+011	-4.30981e+011	
2.98664e+011	-4.36974e+011	2.68942e+011	-4.36998e+011	2.39136e+011	-4.37013e+011	2.09284e+011	-4.37021e+011	1.79408e+011	-4.37027e+011	
2.98653e+011	-4.43016e+011	2.68935e+011	-4.43042e+011	2.39131e+011	-4.43058e+011	2.09281e+011	-4.43067e+011	1.79406e+011	-4.43074e+011	
2.98641e+011	-4.49059e+011	2.68928e+011	-4.49086e+011	2.39127e+011	-4.49103e+011	2.09277e+011	-4.49113e+011	1.79404e+011	-4.4912e+011	
2.9863e+011	-4.55101e+011	2.6892e+011	-4.5513e+011	2.39122e+011	-4.55148e+011	2.09274e+011	-4.55158e+011	1.79401e+011	-4.55166e+011	
2.98619e+011	-4.61143e+011	2.68913e+011	-4.61174e+011	2.39117e+011	-4.61193e+011	2.09271e+011	-4.61204e+011	1.79399e+011	-4.61212e+011	
2.98607e+011	-4.67185e+011	2.68906e+011	-4.67218e+011	2.39112e+011	-4.67238e+011	2.09267e+011	-4.67249e+011	1.79397e+011	-4.67257e+011	
2.98595e+011	-4.73227e+011	2.68899e+011	-4.73262e+011	2.39108e+011	-4.73283e+011	2.09264e+011	-4.73295e+011	1.79394e+011	-4.73303e+011	
2.98584e+011	-4.79268e+011	2.68891e+011	-4.79305e+011	2.39103e+011	-4.79327e+011	2.0926e+011	-4.7934e+011	1.79392e+011	-4.79349e+011	
2.98572e+011	-4.8531e+011	2.68884e+011	-4.85348e+011	2.39098e+011	-4.85372e+011	2.09257e+011	-4.85385e+011	1.79389e+011	-4.85395e+011	
2.9856e+011	-4.91351e+011	2.68876e+011	-4.91392e+011	2.39093e+011	-4.91416e+011	2.09253e+011	-4.91431e+011	1.79387e+011	-4.9144e+011	
2.98547e+011	-4.97392e+011	2.68868e+011	-4.97435e+011	2.39088e+011	-4.97461e+011	2.0925e+011	-4.97476e+011	1.79384e+011	-4.97486e+011	
2.98535e+011	-5.03433e+011	2.68861e+011	-5.03478e+011	2.39082e+011	-5.03505e+011	2.09246e+011	-5.03521e+011	1.79382e+011	-5.03532e+011	
2.98523e+011	-5.09473e+011	2.68853e+011	-5.0952e+011	2.39077e+011	-5.09549e+011	2.09243e+011	-5.09566e+011	1.79379e+011	-5.09577e+011	
2.9851e+011	-5.15514e+011	2.68845e+011	-5.15563e+011	2.39072e+011	-5.15593e+011	2.09239e+011	-5.1561e+011	1.79376e+011	-5.15622e+011	
2.98498e+011	-5.21554e+011	2.68837e+011	-5.21606e+011	2.39067e+011	-5.21637e+011	2.09235e+011	-5.21655e+011	1.79374e+011	-5.21668e+011	
2.98485e+011	-5.27594e+011	2.68829e+011	-5.27648e+011	2.39062e+011	-5.27681e+011	2.09232e+011	-5.277e+011	1.79371e+011	-5.27713e+011	
2.98472e+011	-5.33634e+011	2.68821e+011	-5.3369e+011	2.39056e+011	-5.33725e+011	2.09228e+011	-5.33744e+011	1.79369e+011	-5.33758e+011	
2.98459e+011	-5.39673e+011	2.68813e+011	-5.39733e+011	2.39051e+011	-5.39768e+011	2.09224e+011	-5.39789e+011	1.79366e+011	-5.39803e+011	
2.98446e+011	-5.45713e+011	2.68804e+011	-5.45775e+011	2.39045e+011	-5.45812e+011	2.0922e+011	-5.45833e+011	1.79363e+011	-5.45848e+011	
2.98433e+011	-5.51752e+011	2.68796e+011	-5.51816e+011	2.3904e+011	-5.51855e+011	2.09216e+011	-5.51878e+011	1.7936e+011	-5.51893e+011	
2.9842e+011	-5.57791e+011	2.68788e+011	-5.57858e+011	2.39034e+011	-5.57899e+011	2.09213e+011	-5.57922e+011	1.79358e+011	-5.57938e+011	
2.98406e+011	-5.6383e+011	2.68779e+011	-5.639e+011	2.39029e+011	-5.63942e+011	2.09209e+011	-5.63966e+011	1.79355e+011	-5.63983e+011	
2.98393e+011	-5.69868e+011	2.68771e+011	-5.69941e+011	2.39023e+011	-5.69985e+011	2.09205e+011	-5.7001e+011	1.79352e+011	-5.70027e+011	
2.98379e+011	-5.75907e+011	2.68762e+011	-5.75982e+011	2.39017e+011	-5.76028e+011	2.09201e+011	-5.76054e+011	1.79349e+011	-5.76072e+011	
2.98366e+011	-5.81945e+011	2.68754e+011	-5.82023e+011	2.39012e+011	-5.82071e+011	2.09197e+011	-5.82098e+011	1.79346e+011	-5.82117e+011	
2.98352e+011	-5.87983e+011	2.68745e+011	-5.88064e+011	2.39006e+011	-5.88113e+011	2.09193e+011	-5.88142e+011	1.79343e+011	-5.88161e+011	
2.98338e+011	-5.9402e+011	2.68736e+011	-5.94105e+011	2.39e+011	-5.94156e+011	2.09189e+011	-5.94186e+011	1.79341e+011	-5.94206e+011	
2.98324e+011	-6.00058e+011	2.68727e+011	-6.00146e+011	2.38994e+011	-6.00199e+011	2.09184e+011	-6.00229e+011	1.79338e+011	-6.0025e+011	
2.9831e+011	-6.06095e+011	2.68718e+011	-6.06186e+011	2.38988e+011	-6.06241e+011	2.0918e+011	-6.06273e+011	1.79335e+011	-6.06294e+011	
2.98295e+011	-6.12132e+011	2.68709e+011	-6.12226e+011	2.38982e+011	-6.12283e+011	2.09176e+011	-6.12316e+011	1.79332e+011	-6.12338e+011	
2.98281e+011	-6.18169e+011	2.687e+011	-6.18266e+011	2.38976e+011	-6.18325e+011	2.09172e+011	-6.18359e+011	1.79329e+011	-6.18382e+011	
2.98266e+011	-6.24205e+011	2.68691e+011	-6.24306e+011	2.3897e+011	-6.24367e+011	2.09168e+011	-6.24403e+011	1.79326e+011	-6.24427e+011	
2.98252e+011	-6.30242e+011	2.68682e+011	-6.30346e+011	2.38964e+011	-6.30409e+011	2.09163e+011	-6.30446e+011	1.79323e+011	-6.3047e+011	
2.98237e+011	-6.36278e+011	2.68672e+011	-6.36386e+011	2.38958e+011	-6.36451e+011	2.09159e+011	-6.36489e+011	1.79319e+011	-6.36514e+011	
2.98222e+011	-6.42314e+011	2.68663e+011	-6.42425e+011	2.38952e+011	-6.42493e+011	2.09155e+011	-6.42532e+011	1.79316e+011	-6.42558e+011	
2.98207e+011	-6.48349e+011	2.68654e+011	-6.48465e+011	2.38945e+011	-6.48534e+011	2.0915e+011	-6.48575e+011	1.79313e+011	-6.48602e+011	
2.98192e+011	-6.54385e+011	2.68644e+011	-6.54504e+011	2.38939e+011	-6.54576e+011	2.09146e+011	-6.54617e+011	1.7931e+011	-6.54645e+011	
2.98177e+011	-6.6042e+011	2.68634e+011	-6.60543e+011	2.38933e+011	-6.60617e+011	2.09141e+011	-6.6066e+011	1.79307e+011	-6.60689e+011	
2.98161e+011	-6.66454e+011	2.68625e+011	-6.66581e+011	2.38926e+011	-6.66658e+011	2.09137e+011	-6.66702e+011	1.79304e+011	-6.66732e+011	
2.98146e+011	-6.72489e+011	2.68615e+011	-6.7262e+011	2.3892e+011	-6.72699e+011	2.09133e+011	-6.72745e+011	1.79301e+011	-6.72776e+011	
2.98131e+011	-6.78523e+011	2.68605e+011	-6.78658e+011	2.38913e+011	-6.7874e+011	2.09128e+011	-6.78787e+011	1.79297e+011	-6.78819e+011	
2.98115e+011	-6.84557e+011	2.68595e+011	-6.84697e+011	2.38907e+011	-6.84781e+011	2.09123e+011	-6.84829e+011	1.79294e+011	-6.84862e+011	
2.98099e+011	-6.90591e+011	2.68585e+011	-6.90735e+011	2.389e+011	-6.90821e+011	2.09119e+011	-6.90871e+011	1.79291e+011	-6.90905e+011	
2.98083e+011	-6.96625e+011	2.68575e+011	-6.96772e+011	2.38894e+011	-6.96862e+011	2.09114e+011	-6.96913e+011	1.79287e+011	-6.96948e+011	
2.98067e+011	-7.02658e+011	2.68565e+011	-7.0281e+011	2.38887e+011	-7.02902e+011	2.09109e+011	-7.02955e+011	1.79284e+011	-7.02991e+011	
2.98051e+011	-7.08691e+011	2.68555e+011	-7.08848e+011	2.3888e+011	-7.08942e+011	2.09105e+011	-7.08997e+011	1.79281e+011	-7.09034e+011	
2.98035e+011	-7.14724e+011	2.68545e+011	-7.14885e+011	2.38873e+011	-7.14982e+011	2.091e+011	-7.15039e+011	1.79277e+011	-7.15077e+011	
2.98018e+011	-7.20756e+011	2.68535e+011	-7.20922e+011	2.38867e+011	-7.21022e+011	2.09095e+011	-7.2108e+011	1.79274e+011	-7.21119e+011	
2.98002e+011	-7.26788e+011	2.68524e+011	-7.26959e+011	2.3886e+011	-7.27062e+011	2.0909e+011	-7.27122e+011	1.79271e+011	-7.27162e+011	
2.97985e+011	-7.3282e+011	2.68514e+011	-7.32996e+011	2.38853e+011	-7.33101e+011	2.09086e+011	-7.33163e+011	1.79267e+011	-7.33204e+011	
2.97969e+011	-7.38852e+011	2.68503e+011	-7.39032e+011	2.38846e+011	-7.39141e+011	2.09081e+011	-7.39204e+011	1.79264e+011	-7.39246e+011	
2.97952e+011	-7.44883e+011	2.68493e+011	-7.45068e+011	2.38839e+011	-7.4518e+011	2.09076e+011	-7.45245e+011	1.7926e+011	-7.45289e+011	
2.97935e+011	-7.50914e+011	2.68482e+011	-7.51105e+011	2.38832e+011	-7.51219e+011	2.09071e+011	-7.51286e+011	1.79257e+011	-7.51331e+011	
2.97918e+011	-7.56945e+011	2.68471e+011	-7.57141e+011	2.38825e+011	-7.57258e+011	2.09066e+011	-7.57327e+011	1.79253e+011	-7.57373e+011	
2.97901e+011	-7.62975e+011	2.6846e+011	-7.63176e+011	2.38818e+011	-7.63297e+011	2.09061e+011	-7.63367e+011	1.79249e+011	-7.63415e+011	
2.97884e+011	-7.69006e+011	2.68449e+011	-7.69212e+011	2.3881e+011	-7.69336e+011	2.09056e+011	-7.69408e+011	1.79246e+011	-7.69457e+011	
2.97866e+011	-7.75036e+011	2.68439e+011	-7.75247e+011	2.38803e+011	-7.75374e+011	2.09051e+011	-7.75448e+011	1.79242e+011	-7.75498e+011	
2.97849e+011	-7.81065e+011	2.68428e+011	-7.81282e+011	2.38796e+011	-7.81413e+011	2.09046e+011	-7.81489e+011	1.79239e+011	-7.8154e+011	
2.97831e+011	-7.87094e+011	2.68416e+011	-7.87317e+011	2.38788e+011	-7.87451e+011	2.09041e+011	-7.87529e+011	1.79235e+011	-7.87581e+011	
2.97813e+011	-7.93123e+011	2.68405e+011	-7.93352e+011	2.38781e+011	-7.93489e+011	2.09036e+011	-7.93569e+011	1.79231e+011	-7.93623e+011	
2.97796e+011	-7.99152e+011	2.68394e+011	-7.99386e+011	2.38774e+011	-7.99527e+011	2.0903e+011	-7.99609e+011	1.79228e+011	-7.99664e+011	
2.97778e+011	-8.05181e+011	2.68383e+011	-8.05421e+011	2.38766e+011	-8.05565e+011	2.09025e+011	-8.05649e+011	1.79224e+011	-8.05705e+011	
2.9776e+011	-8.11209e+011	2.68371e+011	-8.11455e+011	2.38759e+011	-8.11603e+011	2.0902e+011	-8.11689e+011	1.7922e+011	-8.11746e+011	
2.97742e+011	-8.17237e+011	2.6836e+011	-8.17488e+011	2.38751e+011	-8.1764e+011	2.09015e+011	-8.17728e+011	1.79216e+011	-8.17787e+011	
2.97723e+011	-8.23264e+011	2.68348e+011	-8.23522e+011	2.38743e+011	-8.23677e+011	2.09009e+011	-8.23768e+011	1.79212e+011	-8.23828e+011	
2.97705e+011	-8.29291e+011	2.68337e+011	-8.29555e+011	2.38736e+011	-8.29714e+011	2.09004e+011	-8.29807e+011	1.79209e+011	-8.29869e+011	
2.97686e+011	-8.35318e+011	2.68325e+011	-8.35589e+011	2.38728e+011	-8.35751e+011	2.08998e+011	-8.35846e+011	1.79205e+011	-8.3591e+011	
2.97668e+011	-8.41344e+011	2.68313e+011	-8.41622e+011	2.3872e+011	-8.41788e+011	2.08993e+011	-8.41885e+011	1.79201e+011	-8.4195e+011	
2.97649e+011	-8.47371e+011	2.68301e+011	-8.47654e+011	2.38712e+011	-8.47825e+011	2.08988e+011	-8.47924e+011	1.79197e+011	-8.47991e+011	
2.9763e+011	-8.53397e+011	2.6829e+011	-8.53687e+011	2.38704e+011	-8.53861e+011	2.08982e+011	-8.53963e+011	1.79193e+011	-8.54031e+011	
2.97611e+011	-8.59422e+011	2.68278e+011	-8.59719e+011	2.38697e+011	-8.59897e+011	2.08977e+011	-8.60002e+011	1.79189e+011	-8.60071e+011	
2.97592e+011	-8.65447e+011	2.68266e+011	-8.65751e+011	2.38689e+011	-8.65934e+011	2.08971e+011	-8.6604e+011	1.79185e+011	-8.66111e+011	
2.97573e+011	-8.71472e+011	2.68253e+011	-8.71783e+011	2.38681e+011	-8.7197e+011	2.08965e+011	-8.72079e+011	1.79181e+011	-8.72151e+011	
2.97554e+011	-8.77497e+011	2.68241e+011	-8.77814e+011	2.38673e+011	-8.78005e+011	2.0896e+011	-8.78117e+011	1.79177e+011	-8.78191e+011	
2.97534e+011	-8.83521e+011	2.68229e+011	-8.83846e+011	2.38664e+011	-8.84041e+011	2.08954e+011	-8.84155e+011	1.79173e+011	-8.84231e+011	
2.97515e+011	-8.89545e+011	2.68217e+011	-8.89877e+011	2.38656e+011	-8.90076e+011	2.08948e+011	-8.90193e+011	1.79169e+011	-8.9027e+011	
2.97495e+011	-8.95568e+011	2.68204e+011	-8.95908e+011	2.38648e+011	-8.96112e+011	2.08943e+011	-8.96231e+011	1.79165e+011	-8.9631e+011	
2.97475e+011	-9.01592e+011	2.68192e+011	-9.01938e+011	2.3864e+011	-9.02147e+011	2.08937e+011	-9.02269e+011	1.79161e+011	-9.02349e+011	
2.97456e+011	-9.07615e+011	2.68179e+011	-9.07969e+011	2.38632e+011	-9.08182e+011	2.08931e+011	-9.08306e+011	1.79157e+011	-9.08389e+011	
2.97436e+011	-9.13637e+011	2.68167e+011	-9.13999e+011	2.38623e+011	-9.14216e+011	2.08925e+011	-9.14343e+011	1.79153e+011	-9.14428e+011	
2.97415e+011	-9.19659e+011	2.68154e+011	-9.20029e+011	2.38615e+011	-9.20251e+011	2.0892e+011	-9.20381e+011	1.79148e+011	-9.20467e+011	
2.97395e+011	-9.25681e+011	2.68141e+011	-9.26059e+011	2.38606e+011	-9.26285e+011	2.08914e+011	-9.26418e+011	1.79144e+011	-9.26506e+011	
2.97375e+011	-9.31703e+011	2.68129e+011	-9.32088e+011	2.38598e+011	-9.32319e+011	2.08908e+011	-9.32455e+011	1.7914e+011	-9.32545e+011	
2.97355e+011	-9.37724e+011	2.68116e+011	-9.38117e+011	2.38589e+011	-9.38353e+011	2.08902e+011	-9.38492e+011	1.79136e+011	-9.38583e+011	
2.97334e+011	-9.43744e+011	2.68103e+011	-9.44146e+011	2.38581e+011	-9.44387e+011	2.08896e+011	-9.44528e+011	1.79131e+011	-9.44622e+011	
2.97313e+011	-9.49765e+011	2.6809e+011	-9.50175e+011	2.38572e+011	-9.50421e+011	2.0889e+011	-9.50565e+011	1.79127e+011	-9.5066e+011	
2.97293e+011	-9.55785e+011	2.68076e+011	-9.56203e+011	2.38563e+011	-9.56454e+011	2.08884e+011	-9.56601e+011	1.79123e+011	-9.56699e+011	
2.97272e+011	-9.61805e+011	2.68063e+011	-9.62231e+011	2.38555e+011	-9.62487e+011	2.08877e+011	-9.62637e+011	1.79118e+011	-9.62737e+011	
2.97251e+011	-9.67824e+011	2.6805e+011	-9.68259e+011	2.38546e+011	-9.6852e+011	2.08871e+011	-9.68673e+011	1.79114e+011	-9.68775e+011	
2.9723e+011	-9.73843e+011	2.68037e+011	-9.74287e+011	2.38537e+011	-9.74553e+011	2.08865e+011	-9.74709e+011	1.7911e+011	-9.74813e+011	
2.97208e+011	-9.79861e+011	2.68023e+011	-9.80314e+011	2.38528e+011	-9.80586e+011	2.08859e+011	-9.80745e+011	1.79105e+011	-9.8085e+011	
2.97187e+011	-9.8588e+011	2.6801e+011	-9.86341e+011	2.38519e+011	-9.86618e+011	2.08853e+011	-9.8678e+011	1.79101e+011	-9.86888e+011	
2.97166e+011	-9.91897e+011	2.67996e+011	-9.92368e+011	2.3851e+011	-9.9265e+011	2.08846e+011	-9.92816e+011	1.79096e+011	-9.92926e+011	
2.97144e+011	-9.97915e+011	2.67983e+011	-9.98395e+011	2.38501e+011	-9.98682e+011	2.0884e+011	-9.98851e+011	1.79092e+011	-9.98963e+011	
2.97122e+011	-1.00393e+012	2.67969e+011	-1.00442e+012	2.38492e+011	-1.00471e+012	2.08834e+011	-1.00489e+012	1.79087e+011	-1.005e+012	
2.97101e+011	-1.00995e+012	2.67955e+011	-1.01045e+012	2.38483e+011	-1.01075e+012	2.08827e+011	-1.01092e+012	1.79083e+011	-1.01104e+012	
2.97079e+011	-1.01596e+012	2.67941e+011	-1.01647e+012	2.38474e+011	-1.01678e+012	2.08821e+011	-1.01696e+012	1.79078e+011	-1.01707e+012	
2.97057e+011	-1.02198e+012	2.67928e+011	-1.0225e+012	2.38465e+011	-1.02281e+012	2.08815e+011	-1.02299e+012	1.79074e+011	-1.02311e+012	
2.97035e+011	-1.028e+012	2.67914e+011	-1.02852e+012	2.38456e+011	-1.02884e+012	2.08808e+011	-1.02903e+012	1.79069e+011	-1.02915e+012	
2.97012e+011	-1.03401e+012	2.679e+011	-1.03455e+012	2.38446e+011	-1.03487e+012	2.08802e+011	-1.03506e+012	1.79064e+011	-1.03518e+012	
2.9699e+011	-1.04003e+012	2.67886e+011	-1.04057e+012	2.38437e+011	-1.0409e+012	2.08795e+011	-1.04109e+012	1.7906e+011	-1.04122e+012	
2.96968e+011	-1.04604e+012	2.67871e+011	-1.0466e+012	2.38428e+011	-1.04693e+012	2.08788e+011	-1.04713e+012	1.79055e+011	-1.04726e+012	
2.96945e+011	-1.05205e+012	2.67857e+011	-1.05262e+012	2.38418e+011	-1.05296e+012	2.08782e+011	-1.05316e+012	1.7905e+011	-1.05329e+012	
2.96922e+011	-1.05807e+012	2.67843e+011	-1.05865e+012	2.38409e+011	-1.05899e+012	2.08775e+011	-1.05919e+012	1.79045e+011	-1.05933e+012	
