200.5	-1.98508e+032	200.5	-1.76323e+032	200.5	-1.59808e+032	200.5	-1.48261e+032	200.5	-1.39481e+032	
202	-1.98508e+032	202	-1.76323e+032	202	-1.59808e+032	202	-1.48261e+032	202	-1.39481e+032	
203.5	-1.98508e+032	203.5	-1.76323e+032	203.5	-1.59808e+032	203.5	-1.48261e+032	203.5	-1.39481e+032	
205	-1.98508e+032	205	-1.76323e+032	205	-1.59808e+032	205	-1.48261e+032	205	-1.39481e+032	
206.5	-1.98508e+032	206.5	-1.76323e+032	206.5	-1.59808e+032	206.5	-1.48261e+032	206.5	-1.39481e+032	
208	-1.98508e+032	208	-1.76323e+032	208	-1.59808e+032	208	-1.48261e+032	208	-1.39481e+032	
209.5	-1.98508e+032	209.5	-1.76323e+032	209.5	-1.59808e+032	209.5	-1.48261e+032	209.5	-1.39481e+032	
211	-1.98508e+032	211	-1.76323e+032	211	-1.59808e+032	211	-1.48261e+032	211	-1.39481e+032	
212.5	-1.98508e+032	212.5	-1.76323e+032	212.5	-1.59808e+032	212.5	-1.48261e+032	212.5	-1.39481e+032	
214	-1.98508e+032	214	-1.76323e+032	214	-1.59808e+032	214	-1.48261e+032	214	-1.39481e+032	
215.5	-1.98508e+032	215.5	-1.76323e+032	215.5	-1.59808e+032	215.5	-1.48261e+032	215.5	-1.39481e+032	
217	-1.98508e+032	217	-1.76323e+032	217	-1.59808e+032	217	-1.48261e+032	217	-1.39481e+032	
218.5	-1.98508e+032	218.5	-1.76323e+032	218.5	-1.59808e+032	218.5	-1.48261e+032	218.5	-1.39481e+032	
220	-1.98508e+032	220	-1.76323e+032	220	-1.59808e+032	220	-1.48261e+032	220	-1.39481e+032	
221.5	-1.98508e+032	221.5	-1.76323e+032	221.5	-1.59808e+032	221.5	-1.48261e+032	221.5	-1.39481e+032	
223	-1.98508e+032	223	-1.76323e+032	223	-1.59808e+032	223	-1.48261e+032	223	-1.39481e+032	
224.5	-1.98508e+032	224.5	-1.76323e+032	224.5	-1.59808e+032	224.5	-1.48261e+032	224.5	-1.39481e+032	
226	-1.98508e+032	226	-1.76323e+032	226	-1.59808e+032	226	-1.48261e+032	226	-1.39481e+032	
227.5	-1.98508e+032	227.5	-1.76323e+032	227.5	-1.59808e+032	227.5	-1.48261e+032	227.5	-1.39481e+032	
229	-1.98508e+032	229	-1.76323e+032	229	-1.59808e+032	229	-1.48261e+032	229	-1.39481e+032	
230.5	-1.98508e+032	230.5	-1.76323e+032	230.5	-1.59808e+032	230.5	-1.48261e+032	230.5	-1.39481e+032	
232	-1.98508e+032	232	-1.76323e+032	232	-1.59808e+032	232	-1.48261e+032	232	-1.39481e+032	
233.5	-1.98508e+032	233.5	-1.76323e+032	233.5	-1.59808e+032	233.5	-1.48261e+032	233.5	-1.39481e+032	
235	-1.98508e+032	235	-1.76323e+032	235	-1.59808e+032	235	-1.48261e+032	235	-1.39481e+032	
236.5	-1.98508e+032	236.5	-1.76323e+032	236.5	-1.59808e+032	236.5	-1.48261e+032	236.5	-1.39481e+032	
238	-1.98508e+032	238	-1.76323e+032	238	-1.59808e+032	238	-1.48261e+032	238	-1.39481e+032	
239.5	-1.98508e+032	239.5	-1.76323e+032	239.5	-1.59808e+032	239.5	-1.48261e+032	239.5	-1.39481e+032	
241	-1.98508e+032	241	-1.76323e+032	241	-1.59808e+032	241	-1.48261e+032	241	-1.39481e+032	
242.5	-1.98508e+032	242.5	-1.76323e+032	242.5	-1.59808e+032	242.5	-1.48261e+032	242.5	-1.39481e+032	
244	-1.98508e+032	244	-1.76323e+032	244	-1.59808e+032	244	-1.48261e+032	244	-1.39481e+032	
245.5	-1.98508e+032	245.5	-1.76323e+032	245.5	-1.59808e+032	245.5	-1.48261e+032	245.5	-1.39481e+032	
247	-1.98508e+032	247	-1.76323e+032	247	-1.59808e+032	247	-1.48261e+032	247	-1.39481e+032	
248.5	-1.98508e+032	248.5	-1.76323e+032	248.5	-1.59808e+032	248.5	-1.48261e+032	248.5	-1.39481e+032	
250	-1.98508e+032	250	-1.76323e+032	250	-1.59808e+032	250	-1.48261e+032	250	-1.39481e+032	
251.5	-1.98508e+032	251.5	-1.76323e+032	251.5	-1.59808e+032	251.5	-1.48261e+032	251.5	-1.39481e+032	
253	-1.98508e+032	253	-1.76323e+032	253	-1.59808e+032	253	-1.48261e+032	253	-1.39481e+032	
254.5	-1.98508e+032	254.5	-1.76323e+032	254.5	-1.59808e+032	254.5	-1.48261e+032	254.5	-1.39481e+032	
256	-1.98508e+032	256	-1.76323e+032	256	-1.59808e+032	256	-1.48261e+032	256	-1.39481e+032	
257.5	-1.98508e+032	257.5	-1.76323e+032	257.5	-1.59808e+032	257.5	-1.48261e+032	257.5	-1.39481e+032	
259	-1.98508e+032	259	-1.76323e+032	259	-1.59808e+032	259	-1.48261e+032	259	-1.39481e+032	
260.5	-1.98508e+032	260.5	-1.76323e+032	260.5	-1.59808e+032	260.5	-1.48261e+032	260.5	-1.39481e+032	
262	-1.98508e+032	262	-1.76323e+032	262	-1.59808e+032	262	-1.48261e+032	262	-1.39481e+032	
263.5	-1.98509e+032	263.5	-1.76323e+032	263.5	-1.59808e+032	263.5	-1.48261e+032	263.5	-1.39481e+032	
265	-1.98509e+032	265	-1.76323e+032	265	-1.59808e+032	265	-1.48261e+032	265	-1.39481e+032	
266.5	-1.98509e+032	266.5	-1.76323e+032	266.5	-1.59808e+032	266.5	-1.48261e+032	266.5	-1.39481e+032	
268	-1.98509e+032	268	-1.76323e+032	268	-1.59808e+032	268	-1.48261e+032	268	-1.39481e+032	
269.5	-1.98509e+032	269.5	-1.76323e+032	269.5	-1.59808e+032	269.5	-1.48261e+032	269.5	-1.39481e+032	
271	-1.98509e+032	271	-1.76323e+032	271	-1.59808e+032	271	-1.48261e+032	271	-1.39481e+032	
272.5	-1.98509e+032	272.5	-1.76323e+032	272.5	-1.59808e+032	272.5	-1.48261e+032	272.5	-1.39481e+032	
274	-1.98509e+032	274	-1.76323e+032	274	-1.59808e+032	274	-1.48261e+032	274	-1.39481e+032	
275.5	-1.98509e+032	275.5	-1.76323e+032	275.5	-1.59808e+032	275.5	-1.48261e+032	275.5	-1.39481e+032	
277	-1.98509e+032	277	-1.76323e+032	277	-1.59808e+032	277	-1.48261e+032	277	-1.39481e+032	
278.5	-1.98509e+032	278.5	-1.76323e+032	278.5	-1.59808e+032	278.5	-1.48261e+032	278.5	-1.39481e+032	
280	-1.98509e+032	280	-1.76323e+032	280	-1.59808e+032	280	-1.48261e+032	280	-1.39481e+032	
281.5	-1.98509e+032	281.5	-1.76323e+032	281.5	-1.59808e+032	281.5	-1.48261e+032	281.5	-1.39481e+032	
283	-1.98509e+032	283	-1.76323e+032	283	-1.59808e+032	283	-1.48261e+032	283	-1.39481e+032	
284.5	-1.98509e+032	284.5	-1.76323e+032	284.5	-1.59808e+032	284.5	-1.48261e+032	284.5	-1.39481e+032	
286	-1.98509e+032	286	-1.76323e+032	286	-1.59808e+032	286	-1.48261e+032	286	-1.39481e+032	
287.5	-1.98509e+032	287.5	-1.76323e+032	287.5	-1.59808e+032	287.5	-1.48261e+032	287.5	-1.39481e+032	
289	-1.98509e+032	289	-1.76323e+032	289	-1.59808e+032	289	-1.48261e+032	289	-1.39481e+032	
290.5	-1.98509e+032	290.5	-1.76323e+032	290.5	-1.59808e+032	290.5	-1.48261e+032	290.5	-1.39481e+032	
292	-1.98509e+032	292	-1.76323e+032	292	-1.59808e+032	292	-1.48261e+032	292	-1.39481e+032	
293.5	-1.98509e+032	293.5	-1.76323e+032	293.5	-1.59808e+032	293.5	-1.48261e+032	293.5	-1.39481e+032	
295	-1.98509e+032	295	-1.76324e+032	295	-1.59808e+032	295	-1.48261e+032	295	-1.39481e+032	
296.5	-1.98509e+032	296.5	-1.76324e+032	296.5	-1.59808e+032	296.5	-1.48261e+032	296.5	-1.39481e+032	
298	-1.98509e+032	298	-1.76324e+032	298	-1.59808e+032	298	-1.48261e+032	298	-1.39481e+032	
299.5	-1.98509e+032	299.5	-1.76324e+032	299.5	-1.59808e+032	299.5	-1.48261e+032	299.5	-1.39481e+032	
301	-1.98509e+032	301	-1.76324e+032	301	-1.59808e+032	301	-1.48261e+032	301	-1.39481e+032	
302.5	-1.98509e+032	302.5	-1.76324e+032	302.5	-1.59808e+032	302.5	-1.48261e+032	302.5	-1.39481e+032	
304	-1.98509e+032	304	-1.76324e+032	304	-1.59808e+032	304	-1.48261e+032	304	-1.39481e+032	
305.5	-1.98509e+032	305.5	-1.76324e+032	305.5	-1.59808e+032	305.5	-1.48261e+032	305.5	-1.39481e+032	
307	-1.98509e+032	307	-1.76324e+032	307	-1.59808e+032	307	-1.48261e+032	307	-1.39481e+032	
308.5	-1.98509e+032	308.5	-1.76324e+032	308.5	-1.59808e+032	308.5	-1.48261e+032	308.5	-1.39481e+032	
310	-1.98509e+032	310	-1.76324e+032	310	-1.59808e+032	310	-1.48261e+032	310	-1.39481e+032	
311.5	-1.98509e+032	311.5	-1.76324e+032	311.5	-1.59808e+032	311.5	-1.48261e+032	311.5	-1.39481e+032	
313	-1.98509e+032	313	-1.76324e+032	313	-1.59808e+032	313	-1.48261e+032	313	-1.39481e+032	
314.5	-1.98509e+032	314.5	-1.76324e+032	314.5	-1.59808e+032	314.5	-1.48261e+032	314.5	-1.39482e+032	
316	-1.98509e+032	316	-1.76324e+032	316	-1.59808e+032	316	-1.48261e+032	316	-1.39482e+032	
317.5	-1.98509e+032	317.5	-1.76324e+032	317.5	-1.59808e+032	317.5	-1.48261e+032	317.5	-1.39482e+032	
319	-1.98509e+032	319	-1.76324e+032	319	-1.59808e+032	319	-1.48261e+032	319	-1.39482e+032	
320.5	-1.98509e+032	320.5	-1.76324e+032	320.5	-1.59808e+032	320.5	-1.48261e+032	320.5	-1.39482e+032	
322	-1.9851e+032	322	-1.76324e+032	322	-1.59808e+032	322	-1.48261e+032	322	-1.39482e+032	
323.5	-1.9851e+032	323.5	-1.76324e+032	323.5	-1.59808e+032	323.5	-1.48261e+032	323.5	-1.39482e+032	
325	-1.9851e+032	325	-1.76324e+032	325	-1.59808e+032	325	-1.48261e+032	325	-1.39482e+032	
326.5	-1.9851e+032	326.5	-1.76324e+032	326.5	-1.59808e+032	326.5	-1.48261e+032	326.5	-1.39482e+032	
328	-1.9851e+032	328	-1.76324e+032	328	-1.59808e+032	328	-1.48261e+032	328	-1.39482e+032	
329.5	-1.9851e+032	329.5	-1.76324e+032	329.5	-1.59808e+032	329.5	-1.48261e+032	329.5	-1.39482e+032	
331	-1.9851e+032	331	-1.76324e+032	331	-1.59808e+032	331	-1.48261e+032	331	-1.39482e+032	
332.5	-1.9851e+032	332.5	-1.76324e+032	332.5	-1.59808e+032	332.5	-1.48261e+032	332.5	-1.39482e+032	
334	-1.9851e+032	334	-1.76324e+032	334	-1.59808e+032	334	-1.48261e+032	334	-1.39482e+032	
335.5	-1.9851e+032	335.5	-1.76324e+032	335.5	-1.59808e+032	335.5	-1.48261e+032	335.5	-1.39482e+032	
337	-1.9851e+032	337	-1.76324e+032	337	-1.59808e+032	337	-1.48261e+032	337	-1.39482e+032	
338.5	-1.9851e+032	338.5	-1.76324e+032	338.5	-1.59808e+032	338.5	-1.48261e+032	338.5	-1.39482e+032	
340	-1.9851e+032	340	-1.76324e+032	340	-1.59808e+032	340	-1.48261e+032	340	-1.39482e+032	
341.5	-1.9851e+032	341.5	-1.76324e+032	341.5	-1.59808e+032	341.5	-1.48261e+032	341.5	-1.39482e+032	
343	-1.9851e+032	343	-1.76324e+032	343	-1.59808e+032	343	-1.48261e+032	343	-1.39482e+032	
344.5	-1.9851e+032	344.5	-1.76324e+032	344.5	-1.59808e+032	344.5	-1.48261e+032	344.5	-1.39482e+032	
346	-1.9851e+032	346	-1.76324e+032	346	-1.59808e+032	346	-1.48261e+032	346	-1.39482e+032	
347.5	-1.9851e+032	347.5	-1.76324e+032	347.5	-1.59808e+032	347.5	-1.48261e+032	347.5	-1.39482e+032	
349	-1.9851e+032	349	-1.76324e+032	349	-1.59808e+032	349	-1.48261e+032	349	-1.39482e+032	
350.5	-1.9851e+032	350.5	-1.76324e+032	350.5	-1.59808e+032	350.5	-1.48261e+032	350.5	-1.39482e+032	
352	-1.9851e+032	352	-1.76324e+032	352	-1.59808e+032	352	-1.48261e+032	352	-1.39482e+032	
353.5	-1.9851e+032	353.5	-1.76324e+032	353.5	-1.59808e+032	353.5	-1.48261e+032	353.5	-1.39482e+032	
355	-1.9851e+032	355	-1.76324e+032	355	-1.59808e+032	355	-1.48261e+032	355	-1.39482e+032	
356.5	-1.9851e+032	356.5	-1.76324e+032	356.5	-1.59808e+032	356.5	-1.48261e+032	356.5	-1.39482e+032	
358	-1.9851e+032	358	-1.76324e+032	358	-1.59808e+032	358	-1.48261e+032	358	-1.39482e+032	
359.5	-1.98511e+032	359.5	-1.76324e+032	359.5	-1.59808e+032	359.5	-1.48261e+032	359.5	-1.39482e+032	
361	-1.98511e+032	361	-1.76324e+032	361	-1.59808e+032	361	-1.48261e+032	361	-1.39482e+032	
362.5	-1.98511e+032	362.5	-1.76324e+032	362.5	-1.59808e+032	362.5	-1.48261e+032	362.5	-1.39482e+032	
364	-1.98511e+032	364	-1.76324e+032	364	-1.59808e+032	364	-1.48261e+032	364	-1.39482e+032	
365.5	-1.98511e+032	365.5	-1.76324e+032	365.5	-1.59808e+032	365.5	-1.48261e+032	365.5	-1.39482e+032	
367	-1.98511e+032	367	-1.76324e+032	367	-1.59808e+032	367	-1.48261e+032	367	-1.39482e+032	
368.5	-1.98511e+032	368.5	-1.76324e+032	368.5	-1.59808e+032	368.5	-1.48261e+032	368.5	-1.39482e+032	
370	-1.98511e+032	370	-1.76324e+032	370	-1.59808e+032	370	-1.48261e+032	370	-1.39482e+032	
371.5	-1.98511e+032	371.5	-1.76324e+032	371.5	-1.59808e+032	371.5	-1.48261e+032	371.5	-1.39482e+032	
373	-1.98511e+032	373	-1.76324e+032	373	-1.59808e+032	373	-1.48261e+032	373	-1.39482e+032	
374.5	-1.98511e+032	374.5	-1.76324e+032	374.5	-1.59808e+032	374.5	-1.48261e+032	374.5	-1.39482e+032	
376	-1.98511e+032	376	-1.76324e+032	376	-1.59809e+032	376	-1.48261e+032	376	-1.39482e+032	
377.5	-1.98511e+032	377.5	-1.76324e+032	377.5	-1.59809e+032	377.5	-1.48261e+032	377.5	-1.39482e+032	
379	-1.98511e+032	379	-1.76324e+032	379	-1.59809e+032	379	-1.48261e+032	379	-1.39482e+032	
380.5	-1.98511e+032	380.5	-1.76324e+032	380.5	-1.59809e+032	380.5	-1.48261e+032	380.5	-1.39482e+032	
382	-1.98511e+032	382	-1.76324e+032	382	-1.59809e+032	382	-1.48261e+032	382	-1.39482e+032	
383.5	-1.98511e+032	383.5	-1.76324e+032	383.5	-1.59809e+032	383.5	-1.48261e+032	383.5	-1.39482e+032	
385	-1.98511e+032	385	-1.76324e+032	385	-1.59809e+032	385	-1.48261e+032	385	-1.39482e+032	
386.5	-1.98511e+032	386.5	-1.76324e+032	386.5	-1.59809e+032	386.5	-1.48261e+032	386.5	-1.39482e+032	
388	-1.98511e+032	388	-1.76325e+032	388	-1.59809e+032	388	-1.48261e+032	388	-1.39482e+032	
389.5	-1.98512e+032	389.5	-1.76325e+032	389.5	-1.59809e+032	389.5	-1.48261e+032	389.5	-1.39482e+032	
391	-1.98512e+032	391	-1.76325e+032	391	-1.59809e+032	391	-1.48261e+032	391	-1.39482e+032	
392.5	-1.98512e+032	392.5	-1.76325e+032	392.5	-1.59809e+032	392.5	-1.48261e+032	392.5	-1.39482e+032	
394	-1.98512e+032	394	-1.76325e+032	394	-1.59809e+032	394	-1.48261e+032	394	-1.39482e+032	
395.5	-1.98512e+032	395.5	-1.76325e+032	395.5	-1.59809e+032	395.5	-1.48261e+032	395.5	-1.39482e+032	
397	-1.98512e+032	397	-1.76325e+032	397	-1.59809e+032	397	-1.48261e+032	397	-1.39482e+032	
398.5	-1.98512e+032	398.5	-1.76325e+032	398.5	-1.59809e+032	398.5	-1.48261e+032	398.5	-1.39482e+032	
400	-1.98512e+032	400	-1.76325e+032	400	-1.59809e+032	400	-1.48261e+032	400	-1.39482e+032	
401.5	-1.98512e+032	401.5	-1.76325e+032	401.5	-1.59809e+032	401.5	-1.48261e+032	401.5	-1.39482e+032	
403	-1.98512e+032	403	-1.76325e+032	403	-1.59809e+032	403	-1.48261e+032	403	-1.39482e+032	
404.5	-1.98512e+032	404.5	-1.76325e+032	404.5	-1.59809e+032	404.5	-1.48261e+032	404.5	-1.39482e+032	
406	-1.98512e+032	406	-1.76325e+032	406	-1.59809e+032	406	-1.48261e+032	406	-1.39482e+032	
407.5	-1.98512e+032	407.5	-1.76325e+032	407.5	-1.59809e+032	407.5	-1.48261e+032	407.5	-1.39482e+032	
409	-1.98512e+032	409	-1.76325e+032	409	-1.59809e+032	409	-1.48261e+032	409	-1.39482e+032	
410.5	-1.98512e+032	410.5	-1.76325e+032	410.5	-1.59809e+032	410.5	-1.48261e+032	410.5	-1.39482e+032	
412	-1.98512e+032	412	-1.76325e+032	412	-1.59809e+032	412	-1.48261e+032	412	-1.39482e+032	
413.5	-1.98512e+032	413.5	-1.76325e+032	413.5	-1.59809e+032	413.5	-1.48261e+032	413.5	-1.39482e+032	
415	-1.98512e+032	415	-1.76325e+032	415	-1.59809e+032	415	-1.48261e+032	415	-1.39482e+032	
416.5	-1.98513e+032	416.5	-1.76325e+032	416.5	-1.59809e+032	416.5	-1.48261e+032	416.5	-1.39482e+032	
418	-1.98513e+032	418	-1.76325e+032	418	-1.59809e+032	418	-1.48261e+032	418	-1.39482e+032	
419.5	-1.98513e+032	419.5	-1.76325e+032	419.5	-1.59809e+032	419.5	-1.48261e+032	419.5	-1.39482e+032	
421	-1.98513e+032	421	-1.76325e+032	421	-1.59809e+032	421	-1.48261e+032	421	-1.39482e+032	
422.5	-1.98513e+032	422.5	-1.76325e+032	422.5	-1.59809e+032	422.5	-1.48261e+032	422.5	-1.39482e+032	
424	-1.98513e+032	424	-1.76325e+032	424	-1.59809e+032	424	-1.48261e+032	424	-1.39482e+032	
425.5	-1.98513e+032	425.5	-1.76325e+032	425.5	-1.59809e+032	425.5	-1.48261e+032	425.5	-1.39482e+032	
427	-1.98513e+032	427	-1.76325e+032	427	-1.59809e+032	427	-1.48261e+032	427	-1.39482e+032	
428.5	-1.98513e+032	428.5	-1.76325e+032	428.5	-1.59809e+032	428.5	-1.48261e+032	428.5	-1.39482e+032	
430	-1.98513e+032	430	-1.76325e+032	430	-1.59809e+032	430	-1.48261e+032	430	-1.39482e+032	
431.5	-1.98513e+032	431.5	-1.76325e+032	431.5	-1.59809e+032	431.5	-1.48261e+032	431.5	-1.39482e+032	
433	-1.98513e+032	433	-1.76325e+032	433	-1.59809e+032	433	-1.48261e+032	433	-1.39482e+032	
434.5	-1.98513e+032	434.5	-1.76325e+032	434.5	-1.59809e+032	434.5	-1.48261e+032	434.5	-1.39482e+032	
436	-1.98513e+032	436	-1.76325e+032	436	-1.59809e+032	436	-1.48261e+032	436	-1.39482e+032	
437.5	-1.98513e+032	437.5	-1.76325e+032	437.5	-1.59809e+032	437.5	-1.48261e+032	437.5	-1.39482e+032	
439	-1.98514e+032	439	-1.76325e+032	439	-1.59809e+032	439	-1.48261e+032	439	-1.39482e+032	
440.5	-1.98514e+032	440.5	-1.76325e+032	440.5	-1.59809e+032	440.5	-1.48261e+032	440.5	-1.39482e+032	
442	-1.98514e+032	442	-1.76325e+032	442	-1.59809e+032	442	-1.48261e+032	442	-1.39482e+032	
443.5	-1.98514e+032	443.5	-1.76325e+032	443.5	-1.59809e+032	443.5	-1.48261e+032	443.5	-1.39482e+032	
445	-1.98514e+032	445	-1.76325e+032	445	-1.59809e+032	445	-1.48261e+032	445	-1.39482e+032	
446.5	-1.98514e+032	446.5	-1.76325e+032	446.5	-1.59809e+032	446.5	-1.48261e+032	446.5	-1.39482e+032	
448	-1.98514e+032	448	-1.76325e+032	448	-1.59809e+032	448	-1.48261e+032	448	-1.39482e+032	
449.5	-1.98514e+032	449.5	-1.76326e+032	449.5	-1.59809e+032	449.5	-1.48261e+032	449.5	-1.39482e+032	
451	-1.98514e+032	451	-1.76326e+032	451	-1.59809e+032	451	-1.48261e+032	451	-1.39482e+032	
452.5	-1.98514e+032	452.5	-1.76326e+032	452.5	-1.59809e+032	452.5	-1.48261e+032	452.5	-1.39482e+032	
454	-1.98514e+032	454	-1.76326e+032	454	-1.59809e+032	454	-1.48261e+032	454	-1.39482e+032	
455.5	-1.98514e+032	455.5	-1.76326e+032	455.5	-1.59809e+032	455.5	-1.48261e+032	455.5	-1.39482e+032	
457	-1.98514e+032	457	-1.76326e+032	457	-1.59809e+032	457	-1.48261e+032	457	-1.39482e+032	
458.5	-1.98514e+032	458.5	-1.76326e+032	458.5	-1.59809e+032	458.5	-1.48261e+032	458.5	-1.39482e+032	
460	-1.98514e+032	460	-1.76326e+032	460	-1.59809e+032	460	-1.48261e+032	460	-1.39482e+032	
461.5	-1.98515e+032	461.5	-1.76326e+032	461.5	-1.59809e+032	461.5	-1.48261e+032	461.5	-1.39482e+032	
463	-1.98515e+032	463	-1.76326e+032	463	-1.59809e+032	463	-1.48261e+032	463	-1.39482e+032	
464.5	-1.98515e+032	464.5	-1.76326e+032	464.5	-1.59809e+032	464.5	-1.48261e+032	464.5	-1.39482e+032	
466	-1.98515e+032	466	-1.76326e+032	466	-1.59809e+032	466	-1.48261e+032	466	-1.39482e+032	
467.5	-1.98515e+032	467.5	-1.76326e+032	467.5	-1.59809e+032	467.5	-1.48261e+032	467.5	-1.39482e+032	
469	-1.98515e+032	469	-1.76326e+032	469	-1.59809e+032	469	-1.48261e+032	469	-1.39482e+032	
470.5	-1.98515e+032	470.5	-1.76326e+032	470.5	-1.59809e+032	470.5	-1.48261e+032	470.5	-1.39482e+032	
472	-1.98515e+032	472	-1.76326e+032	472	-1.59809e+032	472	-1.48261e+032	472	-1.39482e+032	
473.5	-1.98515e+032	473.5	-1.76326e+032	473.5	-1.59809e+032	473.5	-1.48261e+032	473.5	-1.39482e+032	
475	-1.98515e+032	475	-1.76326e+032	475	-1.59809e+032	475	-1.48261e+032	475	-1.39482e+032	
476.5	-1.98515e+032	476.5	-1.76326e+032	476.5	-1.59809e+032	476.5	-1.48261e+032	476.5	-1.39482e+032	
478	-1.98515e+032	478	-1.76326e+032	478	-1.59809e+032	478	-1.48261e+032	478	-1.39482e+032	
479.5	-1.98515e+032	479.5	-1.76326e+032	479.5	-1.59809e+032	479.5	-1.48261e+032	479.5	-1.39482e+032	
481	-1.98516e+032	481	-1.76326e+032	481	-1.59809e+032	481	-1.48261e+032	481	-1.39482e+032	
482.5	-1.98516e+032	482.5	-1.76326e+032	482.5	-1.59809e+032	482.5	-1.48261e+032	482.5	-1.39482e+032	
484	-1.98516e+032	484	-1.76326e+032	484	-1.59809e+032	484	-1.48261e+032	484	-1.39482e+032	
485.5	-1.98516e+032	485.5	-1.76326e+032	485.5	-1.59809e+032	485.5	-1.48261e+032	485.5	-1.39482e+032	
487	-1.98516e+032	487	-1.76326e+032	487	-1.59809e+032	487	-1.48261e+032	487	-1.39482e+032	
488.5	-1.98516e+032	488.5	-1.76326e+032	488.5	-1.59809e+032	488.5	-1.48261e+032	488.5	-1.39482e+032	
490	-1.98516e+032	490	-1.76326e+032	490	-1.59809e+032	490	-1.48261e+032	490	-1.39482e+032	
491.5	-1.98516e+032	491.5	-1.76326e+032	491.5	-1.59809e+032	491.5	-1.48261e+032	491.5	-1.39482e+032	
493	-1.98516e+032	493	-1.76326e+032	493	-1.59809e+032	493	-1.48261e+032	493	-1.39482e+032	
494.5	-1.98516e+032	494.5	-1.76326e+032	494.5	-1.59809e+032	494.5	-1.48261e+032	494.5	-1.39482e+032	
496	-1.98516e+032	496	-1.76326e+032	496	-1.59809e+032	496	-1.48261e+032	496	-1.39482e+032	
497.5	-1.98516e+032	497.5	-1.76326e+032	497.5	-1.59809e+032	497.5	-1.48261e+032	497.5	-1.39482e+032	
499	-1.98517e+032	499	-1.76327e+032	499	-1.59809e+032	499	-1.48261e+032	499	-1.39482e+032	
