2.53152e+009	1.521e+011	29300	-495.773	-0	-3.42691e+022
5.06304e+009	1.52057e+011	29291.8	-991.339	-5.70132e+020	-3.42549e+022
7.59385e+009	1.51971e+011	29275.3	-1486.57	-1.13981e+021	-3.42315e+022
1.01232e+010	1.51843e+011	29250.5	-1981.32	-1.70888e+021	-3.41989e+022
1.26505e+010	1.51672e+011	29217.6	-2475.48	-2.27723e+021	-3.41572e+022
1.51749e+010	1.51458e+011	29176.4	-2968.9	-2.84471e+021	-3.41063e+022
1.76957e+010	1.51201e+011	29127.1	-3461.44	-3.41117e+021	-3.40463e+022
2.02123e+010	1.50902e+011	29069.6	-3952.99	-3.97649e+021	-3.39772e+022
2.27239e+010	1.50561e+011	29003.9	-4443.41	-4.54052e+021	-3.38989e+022
2.52298e+010	1.50177e+011	28930	-4932.56	-5.10312e+021	-3.38115e+022
2.77294e+010	1.49751e+011	28848.1	-5420.32	-5.66415e+021	-3.3715e+022
3.02219e+010	1.49282e+011	28758.1	-5906.55	-6.22347e+021	-3.36094e+022
3.27066e+010	1.48772e+011	28660	-6391.12	-6.78095e+021	-3.34948e+022
3.51828e+010	1.4822e+011	28553.8	-6873.9	-7.33642e+021	-3.33711e+022
3.76498e+010	1.47626e+011	28439.7	-7354.76	-7.88977e+021	-3.32384e+022
4.0107e+010	1.4699e+011	28317.6	-7833.57	-8.44084e+021	-3.30967e+022
4.25537e+010	1.46314e+011	28187.5	-8310.2	-8.98948e+021	-3.2946e+022
4.49891e+010	1.45596e+011	28049.6	-8784.52	-9.53557e+021	-3.27865e+022
4.74126e+010	1.44837e+011	27903.8	-9256.41	-1.0079e+022	-3.26179e+022
4.98234e+010	1.44037e+011	27750.1	-9725.72	-1.06195e+022	-3.24406e+022
5.22211e+010	1.43197e+011	27588.7	-10192.3	-1.1157e+022	-3.22544e+022
5.46047e+010	1.42316e+011	27419.6	-10656.2	-1.16914e+022	-3.20594e+022
5.69738e+010	1.41395e+011	27242.8	-11117	-1.22226e+022	-3.18556e+022
5.93276e+010	1.40435e+011	27058.3	-11574.8	-1.27503e+022	-3.16431e+022
6.16654e+010	1.39435e+011	26866.3	-12029.4	-1.32744e+022	-3.1422e+022
6.39866e+010	1.38395e+011	26666.7	-12480.6	-1.37949e+022	-3.11923e+022
6.62906e+010	1.37317e+011	26459.6	-12928.4	-1.43115e+022	-3.09539e+022
6.85767e+010	1.362e+011	26245.2	-13372.7	-1.48241e+022	-3.07071e+022
7.08443e+010	1.35045e+011	26023.4	-13813.2	-1.53325e+022	-3.04518e+022
7.30928e+010	1.33851e+011	25794.3	-14250	-1.58367e+022	-3.01881e+022
7.53214e+010	1.3262e+011	25557.9	-14682.8	-1.63364e+022	-2.99161e+022
7.75296e+010	1.31351e+011	25314.4	-15111.5	-1.68316e+022	-2.96358e+022
7.97167e+010	1.30046e+011	25063.8	-15536.1	-1.73221e+022	-2.93473e+022
8.18823e+010	1.28703e+011	24806.2	-15956.4	-1.78078e+022	-2.90507e+022
8.40255e+010	1.27325e+011	24541.6	-16372.2	-1.82884e+022	-2.87459e+022
8.61459e+010	1.2591e+011	24270.2	-16783.6	-1.8764e+022	-2.84332e+022
8.82428e+010	1.2446e+011	23991.9	-17190.3	-1.92342e+022	-2.81126e+022
9.03157e+010	1.22975e+011	23706.9	-17592.2	-1.96991e+022	-2.77841e+022
9.2364e+010	1.21455e+011	23415.3	-17989.3	-2.01584e+022	-2.74479e+022
9.43871e+010	1.19901e+011	23117.1	-18381.4	-2.06121e+022	-2.7104e+022
9.63844e+010	1.18312e+011	22812.4	-18768.5	-2.10599e+022	-2.67526e+022
9.83554e+010	1.16691e+011	22501.3	-19150.3	-2.15018e+022	-2.63936e+022
1.003e+011	1.15036e+011	22184	-19526.8	-2.19376e+022	-2.60272e+022
1.02216e+011	1.13349e+011	21860.4	-19898	-2.23672e+022	-2.56536e+022
1.04105e+011	1.1163e+011	21530.7	-20263.6	-2.27905e+022	-2.52727e+022
1.05965e+011	1.09879e+011	21194.9	-20623.6	-2.32072e+022	-2.48847e+022
1.07796e+011	1.08097e+011	20853.2	-20977.9	-2.36174e+022	-2.44898e+022
1.09598e+011	1.06285e+011	20505.7	-21326.4	-2.40209e+022	-2.40879e+022
1.1137e+011	1.04442e+011	20152.5	-21668.9	-2.44174e+022	-2.36793e+022
1.13111e+011	1.0257e+011	19793.6	-22005.5	-2.4807e+022	-2.3264e+022
1.14821e+011	1.00669e+011	19429.2	-22336	-2.51895e+022	-2.28421e+022
1.165e+011	9.87389e+010	19059.3	-22660.2	-2.55648e+022	-2.24138e+022
1.18147e+011	9.67811e+010	18684.2	-22978.2	-2.59327e+022	-2.19792e+022
1.19761e+011	9.47958e+010	18303.8	-23289.8	-2.62932e+022	-2.15384e+022
1.21342e+011	9.27835e+010	17918.3	-23594.9	-2.66461e+022	-2.10915e+022
1.22891e+011	9.07449e+010	17527.8	-23893.5	-2.69913e+022	-2.06387e+022
1.24405e+011	8.86805e+010	17132.4	-24185.4	-2.73287e+022	-2.01801e+022
1.25885e+011	8.65909e+010	16732.3	-24470.7	-2.76582e+022	-1.97158e+022
1.27331e+011	8.44766e+010	16327.5	-24749.1	-2.79797e+022	-1.9246e+022
1.28742e+011	8.23383e+010	15918.2	-25020.7	-2.8293e+022	-1.87708e+022
1.30117e+011	8.01765e+010	15504.5	-25285.3	-2.85981e+022	-1.82903e+022
1.31456e+011	7.79919e+010	15086.5	-25542.8	-2.88949e+022	-1.78047e+022
1.3276e+011	7.5785e+010	14664.3	-25793.3	-2.91833e+022	-1.73142e+022
1.34027e+011	7.35564e+010	14238	-26036.6	-2.94632e+022	-1.68188e+022
1.35257e+011	7.13069e+010	13807.8	-26272.7	-2.97344e+022	-1.63188e+022
1.3645e+011	6.90369e+010	13373.9	-26501.5	-2.9997e+022	-1.58143e+022
1.37606e+011	6.67472e+010	12936.2	-26722.9	-3.02507e+022	-1.53054e+022
1.38723e+011	6.44383e+010	12495.1	-26936.9	-3.04956e+022	-1.47923e+022
1.39803e+011	6.2111e+010	12050.5	-27143.5	-3.07316e+022	-1.42751e+022
1.40844e+011	5.97658e+010	11602.6	-27342.4	-3.09585e+022	-1.37541e+022
1.41846e+011	5.74034e+010	11151.6	-27533.8	-3.11763e+022	-1.32294e+022
1.4281e+011	5.50245e+010	10697.5	-27717.6	-3.1385e+022	-1.27011e+022
1.43734e+011	5.26297e+010	10240.6	-27893.6	-3.15844e+022	-1.21694e+022
1.44619e+011	5.02197e+010	9780.9	-28061.9	-3.17745e+022	-1.16345e+022
1.45464e+011	4.77951e+010	9318.6	-28222.5	-3.19552e+022	-1.10966e+022
1.46269e+011	4.53567e+010	8853.82	-28375.2	-3.21265e+022	-1.05558e+022
1.47034e+011	4.29051e+010	8386.71	-28520	-3.22884e+022	-1.00123e+022
1.47759e+011	4.04409e+010	7917.39	-28657	-3.24407e+022	-9.46629e+021
1.48443e+011	3.7965e+010	7446	-28786	-3.25834e+022	-8.91792e+021
1.49086e+011	3.54779e+010	6972.69	-28907.1	-3.27165e+022	-8.36739e+021
1.49689e+011	3.29803e+010	6497.6	-29020.1	-3.28399e+022	-7.81487e+021
1.5025e+011	3.0473e+010	6020.85	-29125.2	-3.29536e+022	-7.26054e+021
1.5077e+011	2.79565e+010	5542.61	-29222.2	-3.30576e+022	-6.70458e+021
1.51249e+011	2.54317e+010	5063	-29311.1	-3.31518e+022	-6.14717e+021
1.51687e+011	2.28993e+010	4582.17	-29391.9	-3.32363e+022	-5.5885e+021
1.52082e+011	2.03598e+010	4100.26	-29464.7	-3.33109e+022	-5.02876e+021
1.52437e+011	1.78141e+010	3617.41	-29529.3	-3.33757e+022	-4.46812e+021
1.52749e+011	1.52627e+010	3133.77	-29585.8	-3.34307e+022	-3.90677e+021
1.5302e+011	1.27065e+010	2649.48	-29634.2	-3.34758e+022	-3.3449e+021
1.53249e+011	1.01461e+010	2164.67	-29674.5	-3.3511e+022	-2.78269e+021
1.53436e+011	7.58223e+009	1679.5	-29706.6	-3.35364e+022	-2.22033e+021
1.53581e+011	5.01558e+009	1194.1	-29730.6	-3.35519e+022	-1.65801e+021
1.53684e+011	2.44685e+009	708.625	-29746.5	-3.35576e+022	-1.09591e+021
1.53745e+011	-1.2324e+008	223.207	-29754.2	-3.35534e+022	-5.34214e+020
1.53765e+011	-2.694e+009	-262.009	-29753.8	-3.35394e+022	2.68847e+019
1.53742e+011	-5.26473e+009	-746.88	-29745.3	-3.35156e+022	5.87203e+020
1.53678e+011	-7.83472e+009	-1231.27	-29728.7	-3.3482e+022	1.14655e+021
1.53571e+011	-1.04033e+010	-1715.02	-29704.1	-3.34386e+022	1.70475e+021
1.53423e+011	-1.29697e+010	-2198.01	-29671.3	-3.33855e+022	2.26162e+021
1.53233e+011	-1.55333e+010	-2680.09	-29630.6	-3.33227e+022	2.81696e+021
1.53002e+011	-1.80934e+010	-3161.13	-29581.8	-3.32503e+022	3.3706e+021
1.52728e+011	-2.06493e+010	-3640.97	-29525.1	-3.31682e+022	3.92235e+021
1.52414e+011	-2.32002e+010	-4119.49	-29460.4	-3.30765e+022	4.47203e+021
1.52058e+011	-2.57456e+010	-4596.55	-29387.8	-3.29754e+022	5.01946e+021
1.51661e+011	-2.82847e+010	-5072	-29307.3	-3.28647e+022	5.56447e+021
1.51223e+011	-3.08169e+010	-5545.72	-29218.9	-3.27447e+022	6.10687e+021
1.50743e+011	-3.33414e+010	-6017.56	-29122.8	-3.26152e+022	6.64649e+021
1.50224e+011	-3.58576e+010	-6487.4	-29018.8	-3.24766e+022	7.18315e+021
1.49663e+011	-3.83648e+010	-6955.1	-28907.2	-3.23286e+022	7.71668e+021
1.49062e+011	-4.08624e+010	-7420.53	-28787.9	-3.21716e+022	8.24691e+021
1.48421e+011	-4.33497e+010	-7883.55	-28661	-3.20055e+022	8.77366e+021
1.4774e+011	-4.5826e+010	-8344.04	-28526.5	-3.18304e+022	9.29677e+021
1.47019e+011	-4.82907e+010	-8801.87	-28384.5	-3.16464e+022	9.81608e+021
1.46258e+011	-5.07431e+010	-9256.91	-28235	-3.14535e+022	1.03314e+022
1.45459e+011	-5.31826e+010	-9709.04	-28078.1	-3.1252e+022	1.08426e+022
1.4462e+011	-5.56085e+010	-10158.1	-27913.9	-3.10418e+022	1.13495e+022
1.43742e+011	-5.80203e+010	-10604	-27742.5	-3.08231e+022	1.1852e+022
1.42826e+011	-6.04172e+010	-11046.7	-27563.8	-3.0596e+022	1.23498e+022
1.41871e+011	-6.27988e+010	-11485.9	-27378	-3.03605e+022	1.28429e+022
1.40879e+011	-6.51642e+010	-11921.6	-27185.2	-3.01168e+022	1.33311e+022
1.39849e+011	-6.7513e+010	-12353.7	-26985.3	-2.9865e+022	1.38142e+022
1.38782e+011	-6.98445e+010	-12782	-26778.5	-2.96052e+022	1.42921e+022
1.37677e+011	-7.21582e+010	-13206.4	-26564.9	-2.93376e+022	1.47647e+022
1.36536e+011	-7.44534e+010	-13626.8	-26344.6	-2.90621e+022	1.52318e+022
1.35359e+011	-7.67296e+010	-14043.2	-26117.5	-2.87791e+022	1.56933e+022
1.34146e+011	-7.89861e+010	-14455.3	-25883.9	-2.84885e+022	1.6149e+022
1.32897e+011	-8.12225e+010	-14863.2	-25643.8	-2.81905e+022	1.65988e+022
1.31613e+011	-8.34381e+010	-15266.6	-25397.2	-2.78853e+022	1.70427e+022
1.30293e+011	-8.56325e+010	-15665.5	-25144.3	-2.7573e+022	1.74804e+022
1.2894e+011	-8.78049e+010	-16059.7	-24885.2	-2.72536e+022	1.79118e+022
1.27552e+011	-8.9955e+010	-16449.3	-24619.9	-2.69274e+022	1.83369e+022
1.26131e+011	-9.20822e+010	-16834.1	-24348.6	-2.65945e+022	1.87555e+022
1.24677e+011	-9.41859e+010	-17213.9	-24071.3	-2.62551e+022	1.91675e+022
1.23189e+011	-9.62656e+010	-17588.7	-23788.1	-2.59092e+022	1.95729e+022
1.2167e+011	-9.83209e+010	-17958.4	-23499.2	-2.5557e+022	1.99714e+022
1.20118e+011	-1.00351e+011	-18323	-23204.6	-2.51987e+022	2.0363e+022
1.18535e+011	-1.02356e+011	-18682.3	-22904.5	-2.48344e+022	2.07476e+022
1.16921e+011	-1.04335e+011	-19036.2	-22598.8	-2.44642e+022	2.11251e+022
1.15276e+011	-1.06288e+011	-19384.7	-22287.9	-2.40884e+022	2.14954e+022
1.13601e+011	-1.08213e+011	-19727.7	-21971.6	-2.3707e+022	2.18585e+022
1.11897e+011	-1.10112e+011	-20065	-21650.3	-2.33203e+022	2.22142e+022
1.10163e+011	-1.11982e+011	-20396.7	-21323.8	-2.29283e+022	2.25625e+022
1.08401e+011	-1.13825e+011	-20722.7	-20992.5	-2.25313e+022	2.29033e+022
1.06611e+011	-1.15638e+011	-21042.8	-20656.3	-2.21294e+022	2.32365e+022
1.04792e+011	-1.17423e+011	-21357.1	-20315.5	-2.17227e+022	2.35621e+022
1.02947e+011	-1.19178e+011	-21665.4	-19970	-2.13114e+022	2.388e+022
1.01075e+011	-1.20904e+011	-21967.7	-19620	-2.08956e+022	2.41901e+022
9.91773e+010	-1.22599e+011	-22263.9	-19265.7	-2.04756e+022	2.44924e+022
9.72537e+010	-1.24263e+011	-22554	-18907.1	-2.00515e+022	2.47869e+022
9.5305e+010	-1.25897e+011	-22837.9	-18544.4	-1.96235e+022	2.50734e+022
9.33318e+010	-1.27499e+011	-23115.6	-18177.6	-1.91916e+022	2.5352e+022
9.13346e+010	-1.2907e+011	-23386.9	-17806.9	-1.87561e+022	2.56225e+022
8.9314e+010	-1.30608e+011	-23651.9	-17432.4	-1.83172e+022	2.5885e+022
8.72705e+010	-1.32114e+011	-23910.5	-17054.3	-1.7875e+022	2.61394e+022
8.52046e+010	-1.33588e+011	-24162.7	-16672.6	-1.74296e+022	2.63858e+022
8.31169e+010	-1.35028e+011	-24408.3	-16287.4	-1.69812e+022	2.6624e+022
8.10081e+010	-1.36436e+011	-24647.5	-15898.9	-1.653e+022	2.6854e+022
7.88785e+010	-1.37809e+011	-24880	-15507.2	-1.60762e+022	2.70759e+022
7.67289e+010	-1.39149e+011	-25106	-15112.4	-1.56198e+022	2.72895e+022
7.45597e+010	-1.40455e+011	-25325.4	-14714.6	-1.51611e+022	2.7495e+022
7.23716e+010	-1.41726e+011	-25538	-14314	-1.47003e+022	2.76923e+022
7.01651e+010	-1.42963e+011	-25744	-13910.6	-1.42374e+022	2.78813e+022
6.79408e+010	-1.44165e+011	-25943.2	-13504.7	-1.37727e+022	2.80621e+022
6.56994e+010	-1.45332e+011	-26135.7	-13096.2	-1.33062e+022	2.82347e+022
6.34412e+010	-1.46463e+011	-26321.5	-12685.3	-1.28382e+022	2.83991e+022
6.1167e+010	-1.47559e+011	-26500.4	-12272.2	-1.23688e+022	2.85552e+022
5.88774e+010	-1.4862e+011	-26672.5	-11857	-1.18982e+022	2.87032e+022
5.65729e+010	-1.49644e+011	-26837.9	-11439.7	-1.14265e+022	2.8843e+022
5.42541e+010	-1.50632e+011	-26996.3	-11020.5	-1.09538e+022	2.89746e+022
5.19216e+010	-1.51585e+011	-27147.9	-10599.6	-1.04804e+022	2.90981e+022
4.9576e+010	-1.525e+011	-27292.7	-10176.9	-1.00063e+022	2.92134e+022
4.7218e+010	-1.5338e+011	-27430.6	-9752.75	-9.53179e+021	2.93206e+022
4.4848e+010	-1.54222e+011	-27561.6	-9327.13	-9.0569e+021	2.94198e+022
4.24666e+010	-1.55028e+011	-27685.8	-8900.19	-8.58181e+021	2.9511e+022
4.00746e+010	-1.55797e+011	-27803.1	-8472.05	-8.10666e+021	2.95941e+022
3.76724e+010	-1.56529e+011	-27913.5	-8042.83	-7.6316e+021	2.96692e+022
3.52607e+010	-1.57224e+011	-28017	-7612.63	-7.15677e+021	2.97364e+022
3.284e+010	-1.57882e+011	-28113.7	-7181.57	-6.68231e+021	2.97958e+022
3.0411e+010	-1.58502e+011	-28203.5	-6749.77	-6.20835e+021	2.98473e+022
2.79742e+010	-1.59085e+011	-28286.5	-6317.34	-5.73502e+021	2.9891e+022
2.55302e+010	-1.59631e+011	-28362.6	-5884.39	-5.26246e+021	2.99269e+022
2.30797e+010	-1.6014e+011	-28431.9	-5451.02	-4.79081e+021	2.99552e+022
2.06232e+010	-1.60611e+011	-28494.4	-5017.36	-4.32018e+021	2.99758e+022
1.81613e+010	-1.61044e+011	-28550.1	-4583.51	-3.85071e+021	2.99888e+022
1.56946e+010	-1.6144e+011	-28599.1	-4149.59	-3.38252e+021	2.99943e+022
1.32236e+010	-1.61799e+011	-28641.2	-3715.69	-2.91573e+021	2.99923e+022
1.0749e+010	-1.6212e+011	-28676.7	-3281.92	-2.45047e+021	2.99829e+022
8.27133e+009	-1.62403e+011	-28705.4	-2848.4	-1.98684e+021	2.99662e+022
5.79118e+009	-1.62649e+011	-28727.5	-2415.23	-1.52498e+021	2.99422e+022
3.30912e+009	-1.62858e+011	-28742.9	-1982.5	-1.06499e+021	2.9911e+022
8.25735e+008	-1.63029e+011	-28751.7	-1550.34	-6.06984e+020	2.98726e+022
-1.65841e+009	-1.63163e+011	-28753.9	-1118.82	-1.51073e+020	2.98272e+022
-4.14274e+009	-1.6326e+011	-28749.5	-688.072	3.02634e+020	2.97748e+022
-6.6267e+009	-1.63319e+011	-28738.6	-258.178	7.54033e+020	2.97154e+022
-9.10971e+009	-1.63342e+011	-28721.2	170.759	1.20302e+021	2.96492e+022
-1.15912e+010	-1.63327e+011	-28697.3	598.639	1.6495e+021	2.95763e+022
-1.40707e+010	-1.63275e+011	-28667	1025.37	2.09336e+021	2.94966e+022
-1.65475e+010	-1.63187e+011	-28630.4	1450.85	2.53451e+021	2.94103e+022
-1.90212e+010	-1.63061e+011	-28587.4	1874.99	2.97286e+021	2.93175e+022
-2.14911e+010	-1.62899e+011	-28538	2297.69	3.40832e+021	2.92183e+022
-2.39568e+010	-1.62701e+011	-28482.5	2718.86	3.8408e+021	2.91126e+022
-2.64177e+010	-1.62466e+011	-28420.7	3138.41	4.2702e+021	2.90007e+022
-2.88732e+010	-1.62195e+011	-28352.8	3556.26	4.69644e+021	2.88826e+022
-3.13229e+010	-1.61887e+011	-28278.7	3972.31	5.11944e+021	2.87583e+022
-3.37662e+010	-1.61544e+011	-28198.6	4386.47	5.53912e+021	2.86281e+022
-3.62025e+010	-1.61165e+011	-28112.4	4798.66	5.95541e+021	2.84918e+022
-3.86315e+010	-1.60751e+011	-28020.3	5208.8	6.36821e+021	2.83498e+022
-4.10524e+010	-1.60301e+011	-27922.2	5616.8	6.77746e+021	2.82019e+022
-4.34649e+010	-1.59815e+011	-27818.3	6022.57	7.1831e+021	2.80484e+022
-4.58684e+010	-1.59295e+011	-27708.6	6426.05	7.58504e+021	2.78893e+022
-4.82624e+010	-1.5874e+011	-27593.1	6827.14	7.98322e+021	2.77247e+022
-5.06465e+010	-1.5815e+011	-27471.9	7225.78	8.37757e+021	2.75546e+022
-5.302e+010	-1.57526e+011	-27345	7621.87	8.76804e+021	2.73793e+022
-5.53826e+010	-1.56867e+011	-27212.6	8015.36	9.15456e+021	2.71987e+022
-5.77338e+010	-1.56174e+011	-27074.6	8406.16	9.53706e+021	2.7013e+022
-6.00731e+010	-1.55448e+011	-26931.2	8794.19	9.91551e+021	2.68222e+022
-6.23999e+010	-1.54688e+011	-26782.3	9179.4	1.02898e+022	2.66265e+022
-6.47139e+010	-1.53895e+011	-26628.1	9561.71	1.066e+022	2.64259e+022
-6.70146e+010	-1.53069e+011	-26468.6	9941.04	1.10259e+022	2.62206e+022
-6.93014e+010	-1.5221e+011	-26303.8	10317.3	1.13876e+022	2.60105e+022
-7.15741e+010	-1.51319e+011	-26133.9	10690.5	1.17449e+022	2.57959e+022
-7.38321e+010	-1.50395e+011	-25958.9	11060.5	1.20979e+022	2.55768e+022
-7.60749e+010	-1.4944e+011	-25778.8	11427.3	1.24464e+022	2.53533e+022
-7.83022e+010	-1.48452e+011	-25593.8	11790.8	1.27905e+022	2.51254e+022
-8.05135e+010	-1.47433e+011	-25403.8	12151	1.31302e+022	2.48933e+022
-8.27084e+010	-1.46384e+011	-25209	12507.7	1.34653e+022	2.46571e+022
-8.48865e+010	-1.45303e+011	-25009.5	12860.9	1.37958e+022	2.44169e+022
-8.70473e+010	-1.44192e+011	-24805.2	13210.6	1.41218e+022	2.41727e+022
-8.91904e+010	-1.4305e+011	-24596.2	13556.7	1.44431e+022	2.39247e+022
-9.13156e+010	-1.41879e+011	-24382.7	13899.2	1.47598e+022	2.36729e+022
-9.34222e+010	-1.40678e+011	-24164.6	14238	1.50718e+022	2.34174e+022
-9.551e+010	-1.39448e+011	-23942.1	14573	1.53791e+022	2.31583e+022
-9.75786e+010	-1.38189e+011	-23715.3	14904.3	1.56816e+022	2.28957e+022
-9.96276e+010	-1.36901e+011	-23484.1	15231.6	1.59794e+022	2.26298e+022
-1.01657e+011	-1.35585e+011	-23248.7	15555.1	1.62725e+022	2.23605e+022
-1.03665e+011	-1.34241e+011	-23009.1	15874.7	1.65607e+022	2.20879e+022
-1.05653e+011	-1.3287e+011	-22765.4	16190.2	1.68441e+022	2.18122e+022
-1.0762e+011	-1.31471e+011	-22517.7	16501.8	1.71227e+022	2.15335e+022
-1.09566e+011	-1.30045e+011	-22266	16809.2	1.73964e+022	2.12517e+022
-1.1149e+011	-1.28593e+011	-22010.5	17112.5	1.76652e+022	2.09671e+022
-1.13391e+011	-1.27114e+011	-21751.1	17411.7	1.79292e+022	2.06797e+022
-1.15271e+011	-1.2561e+011	-21488	17706.7	1.81883e+022	2.03895e+022
-1.17127e+011	-1.2408e+011	-21221.1	17997.4	1.84425e+022	2.00967e+022
-1.18961e+011	-1.22525e+011	-20950.7	18283.9	1.86918e+022	1.98014e+022
-1.20771e+011	-1.20945e+011	-20676.8	18566.1	1.89362e+022	1.95036e+022
-1.22557e+011	-1.19341e+011	-20399.4	18843.9	1.91757e+022	1.92034e+022
-1.2432e+011	-1.17713e+011	-20118.6	19117.3	1.94102e+022	1.89009e+022
-1.26058e+011	-1.16061e+011	-19834.4	19386.3	1.96398e+022	1.85961e+022
-1.27772e+011	-1.14386e+011	-19547	19650.9	1.98645e+022	1.82892e+022
-1.29461e+011	-1.12689e+011	-19256.5	19911.1	2.00843e+022	1.79802e+022
-1.31124e+011	-1.10968e+011	-18962.8	20166.7	2.02991e+022	1.76693e+022
-1.32763e+011	-1.09226e+011	-18666.1	20417.8	2.0509e+022	1.73564e+022
-1.34375e+011	-1.07462e+011	-18366.4	20664.3	2.0714e+022	1.70417e+022
-1.35962e+011	-1.05676e+011	-18063.9	20906.3	2.0914e+022	1.67252e+022
-1.37523e+011	-1.0387e+011	-17758.5	21143.6	2.11092e+022	1.6407e+022
-1.39057e+011	-1.02043e+011	-17450.4	21376.4	2.12994e+022	1.60872e+022
-1.40565e+011	-1.00196e+011	-17139.5	21604.5	2.14847e+022	1.57659e+022
-1.42046e+011	-9.83297e+010	-16826.1	21827.9	2.16651e+022	1.54431e+022
-1.435e+011	-9.64437e+010	-16510.1	22046.6	2.18406e+022	1.51189e+022
-1.44926e+011	-9.45389e+010	-16191.7	22260.6	2.20113e+022	1.47934e+022
-1.46325e+011	-9.26156e+010	-15870.9	22469.9	2.2177e+022	1.44666e+022
-1.47696e+011	-9.06742e+010	-15547.7	22674.5	2.23379e+022	1.41387e+022
-1.4904e+011	-8.87151e+010	-15222.3	22874.2	2.2494e+022	1.38096e+022
-1.50355e+011	-8.67388e+010	-14894.7	23069.2	2.26452e+022	1.34794e+022
-1.51642e+011	-8.47456e+010	-14564.9	23259.5	2.27916e+022	1.31483e+022
-1.529e+011	-8.2736e+010	-14233.2	23444.9	2.29332e+022	1.28163e+022
-1.5413e+011	-8.07104e+010	-13899.4	23625.5	2.307e+022	1.24834e+022
-1.55331e+011	-7.86691e+010	-13563.8	23801.2	2.3202e+022	1.21497e+022
-1.56503e+011	-7.66127e+010	-13226.2	23972.2	2.33292e+022	1.18153e+022
-1.57646e+011	-7.45415e+010	-12887	24138.3	2.34517e+022	1.14803e+022
-1.58759e+011	-7.24559e+010	-12546	24299.5	2.35694e+022	1.11446e+022
-1.59843e+011	-7.03565e+010	-12203.4	24455.9	2.36824e+022	1.08084e+022
-1.60897e+011	-6.82435e+010	-11859.2	24607.4	2.37908e+022	1.04717e+022
-1.61922e+011	-6.61174e+010	-11513.5	24754	2.38944e+022	1.01346e+022
-1.62917e+011	-6.39787e+010	-11166.4	24895.7	2.39934e+022	9.7972e+021
-1.63882e+011	-6.18277e+010	-10817.9	25032.6	2.40878e+022	9.45945e+021
-1.64816e+011	-5.96649e+010	-10468.1	25164.5	2.41775e+022	9.12146e+021
-1.65721e+011	-5.74906e+010	-10117.1	25291.6	2.42626e+022	8.78327e+021
-1.66595e+011	-5.53054e+010	-9764.96	25413.8	2.43432e+022	8.44497e+021
-1.67438e+011	-5.31097e+010	-9411.69	25531	2.44192e+022	8.10658e+021
-1.68252e+011	-5.09038e+010	-9057.38	25643.4	2.44907e+022	7.76817e+021
-1.69034e+011	-4.86882e+010	-8702.11	25750.9	2.45576e+022	7.4298e+021
-1.69786e+011	-4.64633e+010	-8345.93	25853.5	2.46201e+022	7.09151e+021
-1.70507e+011	-4.42296e+010	-7988.91	25951.2	2.46781e+022	6.75335e+021
-1.71197e+011	-4.19874e+010	-7631.12	26044	2.47316e+022	6.41539e+021
-1.71857e+011	-3.97372e+010	-7272.61	26131.9	2.47807e+022	6.07766e+021
-1.72485e+011	-3.74794e+010	-6913.46	26215	2.48255e+022	5.74022e+021
-1.73082e+011	-3.52144e+010	-6553.73	26293.2	2.48659e+022	5.40312e+021
-1.73649e+011	-3.29427e+010	-6193.47	26366.4	2.49019e+022	5.0664e+021
-1.74184e+011	-3.06647e+010	-5832.76	26434.9	2.49336e+022	4.73012e+021
-1.74688e+011	-2.83807e+010	-5471.64	26498.5	2.4961e+022	4.39432e+021
-1.7516e+011	-2.60912e+010	-5110.2	26557.2	2.49841e+022	4.05905e+021
-1.75602e+011	-2.37967e+010	-4748.48	26611.1	2.5003e+022	3.72435e+021
-1.76012e+011	-2.14975e+010	-4386.55	26660.1	2.50177e+022	3.39027e+021
-1.76391e+011	-1.9194e+010	-4024.46	26704.3	2.50281e+022	3.05684e+021
-1.76739e+011	-1.68868e+010	-3662.29	26743.7	2.50344e+022	2.72413e+021
-1.77055e+011	-1.45761e+010	-3300.09	26778.3	2.50366e+022	2.39216e+021
-1.77341e+011	-1.22625e+010	-2937.91	26808.2	2.50347e+022	2.06099e+021
-1.77594e+011	-9.94626e+009	-2575.82	26833.2	2.50286e+022	1.73064e+021
-1.77817e+011	-7.62787e+009	-2213.87	26853.5	2.50185e+022	1.40118e+021
-1.78008e+011	-5.30773e+009	-1852.13	26869	2.50044e+022	1.07262e+021
-1.78168e+011	-2.98625e+009	-1490.66	26879.8	2.49863e+022	7.45024e+020
-1.78297e+011	-6.63836e+008	-1129.5	26885.8	2.49642e+022	4.1842e+020
-1.78395e+011	1.6591e+009	-768.719	26887.2	2.49381e+022	9.28497e+019
-1.78461e+011	3.98215e+009	-408.373	26883.8	2.49081e+022	-2.31649e+020
-1.78496e+011	6.30491e+009	-48.5169	26875.8	2.48742e+022	-5.55039e+020
-1.78501e+011	8.62698e+009	310.793	26863.1	2.48365e+022	-8.77282e+020
-1.78474e+011	1.09479e+010	669.501	26845.8	2.47949e+022	-1.19834e+021
-1.78416e+011	1.32674e+010	1027.55	26823.8	2.47495e+022	-1.51818e+021
-1.78327e+011	1.5585e+010	1384.89	26797.2	2.47003e+022	-1.83677e+021
-1.78207e+011	1.79003e+010	1741.46	26766.1	2.46473e+022	-2.15407e+021
-1.78057e+011	2.02129e+010	2097.22	26730.3	2.45906e+022	-2.47004e+021
-1.77876e+011	2.25224e+010	2452.1	26690	2.45302e+022	-2.78465e+021
-1.77664e+011	2.48284e+010	2806.05	26645.2	2.44662e+022	-3.09787e+021
-1.77421e+011	2.71305e+010	3159.02	26595.9	2.43985e+022	-3.40967e+021
-1.77148e+011	2.94284e+010	3510.97	26542.1	2.43271e+022	-3.72e+021
-1.76845e+011	3.17216e+010	3861.82	26483.8	2.42522e+022	-4.02885e+021
-1.76511e+011	3.40098e+010	4211.55	26421.1	2.41738e+022	-4.33618e+021
-1.76148e+011	3.62926e+010	4560.08	26353.9	2.40917e+022	-4.64195e+021
-1.75754e+011	3.85696e+010	4907.38	26282.3	2.40062e+022	-4.94613e+021
-1.7533e+011	4.08404e+010	5253.39	26206.4	2.39172e+022	-5.2487e+021
-1.74876e+011	4.31046e+010	5598.07	26126.1	2.38248e+022	-5.54963e+021
-1.74392e+011	4.53619e+010	5941.35	26041.5	2.37289e+022	-5.84888e+021
-1.73879e+011	4.76119e+010	6283.21	25952.6	2.36297e+022	-6.14643e+021
-1.73336e+011	4.98542e+010	6623.57	25859.4	2.35271e+022	-6.44225e+021
-1.72764e+011	5.20885e+010	6962.41	25761.9	2.34211e+022	-6.7363e+021
-1.72162e+011	5.43143e+010	7299.66	25660.3	2.33119e+022	-7.02856e+021
-1.71531e+011	5.65313e+010	7635.28	25554.4	2.31993e+022	-7.31901e+021
-1.70872e+011	5.87392e+010	7969.23	25444.3	2.30835e+022	-7.60761e+021
-1.70183e+011	6.09376e+010	8301.46	25330.1	2.29645e+022	-7.89434e+021
-1.69466e+011	6.31262e+010	8631.92	25211.8	2.28423e+022	-8.17917e+021
-1.6872e+011	6.53044e+010	8960.57	25089.4	2.27169e+022	-8.46208e+021
-1.67946e+011	6.74722e+010	9287.36	24962.9	2.25884e+022	-8.74303e+021
-1.67143e+011	6.9629e+010	9612.24	24832.3	2.24568e+022	-9.02201e+021
-1.66313e+011	7.17745e+010	9935.17	24697.8	2.23221e+022	-9.29898e+021
-1.65455e+011	7.39084e+010	10256.1	24559.3	2.21843e+022	-9.57393e+021
-1.64568e+011	7.60303e+010	10575	24416.9	2.20435e+022	-9.84683e+021
-1.63655e+011	7.81399e+010	10891.8	24270.5	2.18997e+022	-1.01176e+022
-1.62714e+011	8.02369e+010	11206.5	24120.2	2.1753e+022	-1.03864e+022
-1.61745e+011	8.23209e+010	11519.1	23966.1	2.16033e+022	-1.06529e+022
-1.6075e+011	8.43915e+010	11829.4	23808.2	2.14507e+022	-1.09174e+022
-1.59728e+011	8.64486e+010	12137.5	23646.4	2.12952e+022	-1.11797e+022
-1.58679e+011	8.84916e+010	12443.3	23480.9	2.11368e+022	-1.14397e+022
-1.57604e+011	9.05204e+010	12746.7	23311.7	2.09756e+022	-1.16976e+022
-1.56503e+011	9.25345e+010	13047.8	23138.8	2.08116e+022	-1.19532e+022
-1.55376e+011	9.45337e+010	13346.5	22962.2	2.06448e+022	-1.22065e+022
-1.54223e+011	9.65176e+010	13642.7	22782	2.04753e+022	-1.24576e+022
-1.53044e+011	9.8486e+010	13936.4	22598.1	2.03031e+022	-1.27063e+022
-1.5184e+011	1.00438e+011	14227.6	22410.7	2.01281e+022	-1.29528e+022
-1.5061e+011	1.02375e+011	14516.2	22219.8	1.99505e+022	-1.31968e+022
-1.49356e+011	1.04295e+011	14802.3	22025.4	1.97703e+022	-1.34385e+022
-1.48077e+011	1.06198e+011	15085.6	21827.5	1.95875e+022	-1.36778e+022
-1.46774e+011	1.08083e+011	15366.3	21626.2	1.9402e+022	-1.39147e+022
-1.45446e+011	1.09952e+011	15644.3	21421.5	1.92141e+022	-1.41491e+022
-1.44095e+011	1.11803e+011	15919.5	21213.5	1.90236e+022	-1.43811e+022
-1.42719e+011	1.13636e+011	16191.9	21002.1	1.88306e+022	-1.46106e+022
-1.4132e+011	1.1545e+011	16461.5	20787.5	1.86351e+022	-1.48376e+022
-1.39898e+011	1.17246e+011	16728.3	20569.5	1.84372e+022	-1.50621e+022
-1.38453e+011	1.19023e+011	16992.1	20348.4	1.82369e+022	-1.52841e+022
-1.36984e+011	1.20782e+011	17253	20124.1	1.80342e+022	-1.55035e+022
-1.35494e+011	1.2252e+011	17510.9	19896.7	1.78292e+022	-1.57203e+022
-1.33981e+011	1.24239e+011	17765.9	19666.2	1.76218e+022	-1.59345e+022
-1.32446e+011	1.25938e+011	18017.8	19432.6	1.74121e+022	-1.61461e+022
-1.30889e+011	1.27617e+011	18266.6	19196	1.72001e+022	-1.63551e+022
-1.29311e+011	1.29276e+011	18512.3	18956.4	1.69859e+022	-1.65614e+022
-1.27711e+011	1.30914e+011	18754.9	18713.9	1.67695e+022	-1.6765e+022
-1.26091e+011	1.32531e+011	18994.4	18468.4	1.65509e+022	-1.6966e+022
-1.2445e+011	1.34126e+011	19230.6	18220.1	1.63302e+022	-1.71642e+022
-1.22788e+011	1.35701e+011	19463.7	17969	1.61073e+022	-1.73597e+022
-1.21107e+011	1.37253e+011	19693.4	17715	1.58823e+022	-1.75524e+022
-1.19405e+011	1.38784e+011	19919.9	17458.3	1.56552e+022	-1.77424e+022
-1.17684e+011	1.40292e+011	20143.1	17199	1.54261e+022	-1.79296e+022
-1.15944e+011	1.41778e+011	20362.9	16936.9	1.5195e+022	-1.81141e+022
-1.14184e+011	1.43241e+011	20579.4	16672.2	1.49619e+022	-1.82956e+022
-1.12406e+011	1.44682e+011	20792.4	16404.9	1.47268e+022	-1.84744e+022
-1.1061e+011	1.46099e+011	21002	16135.1	1.44898e+022	-1.86503e+022
-1.08795e+011	1.47493e+011	21208.2	15862.8	1.42509e+022	-1.88233e+022
-1.06963e+011	1.48864e+011	21410.9	15588	1.40101e+022	-1.89935e+022
-1.05113e+011	1.50211e+011	21610.1	15310.8	1.37675e+022	-1.91607e+022
-1.03246e+011	1.51534e+011	21805.7	15031.3	1.35231e+022	-1.9325e+022
-1.01362e+011	1.52832e+011	21997.8	14749.4	1.32768e+022	-1.94864e+022
-9.94613e+010	1.54107e+011	22186.3	14465.2	1.30289e+022	-1.96448e+022
-9.75444e+010	1.55356e+011	22371.1	14178.7	1.27792e+022	-1.98002e+022
-9.56115e+010	1.56581e+011	22552.4	13890	1.25278e+022	-1.99527e+022
-9.3663e+010	1.57782e+011	22730	13599.2	1.22748e+022	-2.01022e+022
-9.16991e+010	1.58957e+011	22903.9	13306.3	1.20201e+022	-2.02486e+022
-8.97203e+010	1.60106e+011	23074.1	13011.3	1.17638e+022	-2.0392e+022
-8.77267e+010	1.6123e+011	23240.5	12714.2	1.15059e+022	-2.05323e+022
-8.57187e+010	1.62329e+011	23403.2	12415.2	1.12465e+022	-2.06696e+022
-8.36966e+010	1.63402e+011	23562.1	12114.2	1.09856e+022	-2.08038e+022
-8.16609e+010	1.64448e+011	23717.3	11811.4	1.07232e+022	-2.09349e+022
-7.96117e+010	1.65469e+011	23868.6	11506.7	1.04593e+022	-2.10629e+022
-7.75494e+010	1.66463e+011	24016.1	11200.1	1.0194e+022	-2.11878e+022
-7.54745e+010	1.67431e+011	24159.7	10891.8	9.92736e+021	-2.13095e+022
-7.33871e+010	1.68372e+011	24299.4	10581.8	9.65934e+021	-2.1428e+022
-7.12876e+010	1.69286e+011	24435.3	10270.2	9.38999e+021	-2.15434e+022
-6.91764e+010	1.70173e+011	24567.2	9956.88	9.11934e+021	-2.16556e+022
-6.70538e+010	1.71034e+011	24695.2	9642.01	8.84743e+021	-2.17646e+022
-6.49201e+010	1.71867e+011	24819.2	9325.61	8.57429e+021	-2.18704e+022
-6.27757e+010	1.72672e+011	24939.3	9007.73	8.29995e+021	-2.19729e+022
-6.0621e+010	1.73451e+011	25055.4	8688.41	8.02445e+021	-2.20722e+022
-5.84562e+010	1.74201e+011	25167.5	8367.7	7.74781e+021	-2.21683e+022
-5.62817e+010	1.74924e+011	25275.6	8045.65	7.47007e+021	-2.22611e+022
-5.40979e+010	1.75619e+011	25379.6	7722.31	7.19127e+021	-2.23506e+022
-5.19051e+010	1.76287e+011	25479.6	7397.71	6.91143e+021	-2.24368e+022
-4.97037e+010	1.76926e+011	25575.5	7071.92	6.63059e+021	-2.25196e+022
-4.7494e+010	1.77537e+011	25667.4	6744.98	6.34878e+021	-2.25992e+022
-4.52763e+010	1.7812e+011	25755.1	6416.93	6.06605e+021	-2.26755e+022
-4.3051e+010	1.78674e+011	25838.8	6087.83	5.78241e+021	-2.27483e+022
-4.08186e+010	1.792e+011	25918.3	5757.72	5.49791e+021	-2.28179e+022
-3.85792e+010	1.79697e+011	25993.7	5426.66	5.21257e+021	-2.2884e+022
-3.63334e+010	1.80166e+011	26065	5094.69	4.92644e+021	-2.29468e+022
-3.40814e+010	1.80607e+011	26132.1	4761.86	4.63956e+021	-2.30062e+022
-3.18235e+010	1.81018e+011	26195.1	4428.22	4.35194e+021	-2.30621e+022
-2.95603e+010	1.81401e+011	26253.9	4093.81	4.06364e+021	-2.31147e+022
-2.7292e+010	1.81754e+011	26308.5	3758.7	3.77468e+021	-2.31638e+022
-2.50189e+010	1.82079e+011	26358.9	3422.93	3.48511e+021	-2.32095e+022
-2.27415e+010	1.82375e+011	26405.1	3086.55	3.19495e+021	-2.32518e+022
-2.04601e+010	1.82641e+011	26447.1	2749.6	2.90425e+021	-2.32906e+022
-1.81751e+010	1.82879e+011	26484.9	2412.15	2.61304e+021	-2.33259e+022
-1.58868e+010	1.83087e+011	26518.5	2074.23	2.32136e+021	-2.33577e+022
-1.35956e+010	1.83267e+011	26547.9	1735.9	2.02924e+021	-2.33861e+022
-1.13018e+010	1.83417e+011	26573	1397.21	1.73673e+021	-2.34109e+022
-9.00592e+009	1.83537e+011	26593.9	1058.22	1.44386e+021	-2.34323e+022
-6.70821e+009	1.83629e+011	26610.5	718.966	1.15067e+021	-2.34501e+022
-4.40906e+009	1.83691e+011	26622.9	379.504	8.57189e+020	-2.34645e+022
-2.10884e+009	1.83724e+011	26631.1	39.8872	5.63468e+020	-2.34753e+022
1.92088e+008	1.83727e+011	26635	-299.835	2.6954e+020	-2.34825e+022
2.49335e+009	1.83701e+011	26634.6	-639.611	-2.4555e+019	-2.34862e+022
4.79458e+009	1.83646e+011	26630	-979.39	-3.18778e+020	-2.34864e+022
7.09542e+009	1.83561e+011	26621.2	-1319.12	-6.1309e+020	-2.3483e+022
9.39548e+009	1.83447e+011	26608	-1658.75	-9.0745e+020	-2.34761e+022
1.16944e+010	1.83304e+011	26590.6	-1998.23	-1.20182e+021	-2.34656e+022
1.39918e+010	1.83131e+011	26569	-2337.5	-1.49616e+021	-2.34515e+022
1.62874e+010	1.82929e+011	26543.1	-2676.52	-1.79042e+021	-2.34338e+022
1.85807e+010	1.82698e+011	26512.9	-3015.23	-2.08458e+021	-2.34126e+022
2.08715e+010	1.82438e+011	26478.5	-3353.58	-2.37858e+021	-2.33878e+022
2.31592e+010	1.82148e+011	26439.9	-3691.52	-2.67239e+021	-2.33594e+022
2.54436e+010	1.81829e+011	26397	-4029	-2.96596e+021	-2.33274e+022
2.77243e+010	1.81481e+011	26349.8	-4365.96	-3.25925e+021	-2.32918e+022
3.00009e+010	1.81104e+011	26298.4	-4702.36	-3.55223e+021	-2.32526e+022
3.22731e+010	1.80697e+011	26242.8	-5038.13	-3.84484e+021	-2.32098e+022
3.45405e+010	1.80262e+011	26182.9	-5373.24	-4.13705e+021	-2.31634e+022
3.68027e+010	1.79798e+011	26118.9	-5707.62	-4.42881e+021	-2.31133e+022
3.90594e+010	1.79305e+011	26050.6	-6041.23	-4.72008e+021	-2.30597e+022
4.13101e+010	1.78783e+011	25978.1	-6374	-5.01082e+021	-2.30025e+022
4.35546e+010	1.78232e+011	25901.4	-6705.9	-5.30099e+021	-2.29417e+022
4.57925e+010	1.77653e+011	25820.5	-7036.87	-5.59054e+021	-2.28773e+022
4.80234e+010	1.77045e+011	25735.5	-7366.85	-5.87942e+021	-2.28093e+022
5.02469e+010	1.76408e+011	25646.2	-7695.8	-6.1676e+021	-2.27377e+022
5.24628e+010	1.75743e+011	25552.8	-8023.66	-6.45502e+021	-2.26624e+022
5.46705e+010	1.7505e+011	25455.3	-8350.37	-6.74166e+021	-2.25836e+022
5.68699e+010	1.74328e+011	25353.6	-8675.9	-7.02745e+021	-2.25012e+022
5.90604e+010	1.73579e+011	25247.9	-9000.18	-7.31236e+021	-2.24152e+022
6.12419e+010	1.72801e+011	25138	-9323.17	-7.59634e+021	-2.23257e+022
6.34138e+010	1.71996e+011	25024	-9644.81	-7.87934e+021	-2.22325e+022
6.55758e+010	1.71162e+011	24905.9	-9965.05	-8.16133e+021	-2.21358e+022
6.77277e+010	1.70301e+011	24783.8	-10283.8	-8.44225e+021	-2.20355e+022
6.9869e+010	1.69413e+011	24657.6	-10601.1	-8.72207e+021	-2.19316e+022
7.19994e+010	1.68497e+011	24527.4	-10916.9	-9.00072e+021	-2.18242e+022
7.41186e+010	1.67554e+011	24393.1	-11231	-9.27818e+021	-2.17133e+022
7.62262e+010	1.66583e+011	24254.9	-11543.5	-9.55439e+021	-2.15988e+022
7.83218e+010	1.65586e+011	24112.7	-11854.2	-9.82931e+021	-2.14808e+022
8.04051e+010	1.64562e+011	23966.6	-12163.2	-1.01029e+022	-2.13593e+022
8.24759e+010	1.63511e+011	23816.5	-12470.4	-1.03751e+022	-2.12342e+022
8.45336e+010	1.62433e+011	23662.5	-12775.8	-1.06458e+022	-2.11057e+022
8.6578e+010	1.6133e+011	23504.5	-13079.2	-1.09151e+022	-2.09737e+022
8.86088e+010	1.602e+011	23342.8	-13380.6	-1.11829e+022	-2.08382e+022
9.06256e+010	1.59044e+011	23177.1	-13680.1	-1.14491e+022	-2.06992e+022
9.26281e+010	1.57862e+011	23007.7	-13977.5	-1.17136e+022	-2.05569e+022
9.4616e+010	1.56654e+011	22834.4	-14272.8	-1.19765e+022	-2.0411e+022
9.65889e+010	1.55421e+011	22657.4	-14565.9	-1.22377e+022	-2.02618e+022
9.85465e+010	1.54162e+011	22476.6	-14856.8	-1.24972e+022	-2.01091e+022
1.00488e+011	1.52879e+011	22292	-15145.5	-1.27548e+022	-1.99531e+022
1.02414e+011	1.5157e+011	22103.8	-15431.9	-1.30106e+022	-1.97937e+022
1.04324e+011	1.50237e+011	21911.9	-15715.9	-1.32645e+022	-1.9631e+022
1.06217e+011	1.48879e+011	21716.4	-15997.5	-1.35164e+022	-1.94649e+022
1.08094e+011	1.47497e+011	21517.2	-16276.6	-1.37664e+022	-1.92955e+022
1.09953e+011	1.4609e+011	21314.5	-16553.3	-1.40143e+022	-1.91228e+022
1.11794e+011	1.4466e+011	21108.2	-16827.4	-1.42601e+022	-1.89469e+022
1.13618e+011	1.43206e+011	20898.3	-17098.9	-1.45038e+022	-1.87677e+022
1.15424e+011	1.41729e+011	20685	-17367.7	-1.47453e+022	-1.85853e+022
1.17211e+011	1.40228e+011	20468.2	-17633.9	-1.49846e+022	-1.83996e+022
1.18979e+011	1.38705e+011	20248	-17897.4	-1.52217e+022	-1.82108e+022
1.20729e+011	1.37158e+011	20024.4	-18158.1	-1.54564e+022	-1.80189e+022
1.22459e+011	1.3559e+011	19797.4	-18415.9	-1.56887e+022	-1.78238e+022
1.24169e+011	1.33999e+011	19567.2	-18670.9	-1.59187e+022	-1.76256e+022
1.2586e+011	1.32385e+011	19333.6	-18923	-1.61462e+022	-1.74243e+022
1.2753e+011	1.3075e+011	19096.7	-19172.1	-1.63712e+022	-1.722e+022
1.2918e+011	1.29094e+011	18856.7	-19418.2	-1.65936e+022	-1.70126e+022
1.3081e+011	1.27416e+011	18613.4	-19661.3	-1.68135e+022	-1.68023e+022
1.32418e+011	1.25717e+011	18367	-19901.3	-1.70308e+022	-1.65889e+022
1.34005e+011	1.23998e+011	18117.5	-20138.2	-1.72453e+022	-1.63727e+022
1.3557e+011	1.22258e+011	17865	-20371.9	-1.74572e+022	-1.61536e+022
1.37114e+011	1.20498e+011	17609.4	-20602.3	-1.76662e+022	-1.59315e+022
1.38635e+011	1.18718e+011	17350.9	-20829.6	-1.78725e+022	-1.57067e+022
1.40134e+011	1.16918e+011	17089.3	-21053.5	-1.80759e+022	-1.5479e+022
1.41611e+011	1.15099e+011	16824.9	-21274.1	-1.82765e+022	-1.52486e+022
1.43064e+011	1.13261e+011	16557.7	-21491.3	-1.84741e+022	-1.50155e+022
1.44495e+011	1.11404e+011	16287.6	-21705.2	-1.86687e+022	-1.47796e+022
